Label=ff00ff
Data2=(50.68268,16.45203),(50.68268,16.45752),(50.68542,16.45752),(50.68542,16.46027),(50.68817,16.46027),(50.68817,16.46576),(50.68542,16.46576),(50.68542,16.47675),(50.68817,16.47949),(50.69092,16.47675),(50.69366,16.47675),(50.69366,16.47400),(50.69641,16.47400)
[END]

Label=
Data2=(50.67993,16.42731),(50.67993,16.43005),(50.67718,16.43005),(50.67718,16.43280),(50.67444,16.43280),(50.67444,16.43829),(50.67169,16.43829),(50.67169,16.44104),(50.66894,16.44379),(50.66894,16.44653),(50.66620,16.44653)
[END]

Label=
Data2=(50.66620,16.44653),(50.66894,16.44653),(50.66894,16.44928),(50.66620,16.45203),(50.66894,16.45203),(50.66620,16.45203),(50.66620,16.45752)
[END]

Label=ff0000
Data2=(50.66620,16.50421),(50.66894,16.50421),(50.66894,16.50147),(50.67169,16.50147),(50.67444,16.49872)
[END]

Label=ff0000
Data2=(50.67444,16.49872),(50.67444,16.49323),(50.67993,16.48499)
[END]

Label=ff0000
Data2=(50.66620,16.47400),(50.66620,16.47675),(50.66894,16.47675),(50.66894,16.47949),(50.67169,16.47949),(50.67169,16.47675),(50.67169,16.47949),(50.67718,16.47949),(50.67718,16.48499),(50.67993,16.48499)
[END]

Label=00ff00
Data2=(50.66894,16.47949),(50.66620,16.47949)
[END]

Label=00ff00
Data2=(50.66620,16.50421),(50.66620,16.50147)
[END]

Label=00ff00
Data2=(50.66894,16.47949),(50.67169,16.47949),(50.67169,16.47675),(50.67169,16.47949),(50.67718,16.47949),(50.67718,16.48499),(50.67993,16.48499)
[END]

Label=
Data2=(50.68817,16.51520),(50.69092,16.51520),(50.69092,16.52069),(50.69366,16.52069),(50.69366,16.52618),(50.69641,16.52618),(50.69641,16.52893),(50.69916,16.52893),(50.69916,16.53168),(50.70190,16.53168),(50.70190,16.53442),(50.70190,16.52893),(50.70465,16.52618),(50.70465,16.52344)
[END]

Label=ffff00
Data2=(50.66620,16.50421),(50.66620,16.48773),(50.67169,16.47949),(50.66894,16.47949)
[END]

Label=ffff00
Data2=(50.67444,16.49872),(50.67444,16.49323),(50.67993,16.48499),(50.67993,16.46301),(50.68268,16.46301),(50.68268,16.45203)
[END]

Label=0000ff
Data2=(50.69641,16.47400),(50.69366,16.47400),(50.69366,16.47949),(50.68817,16.47949),(50.68817,16.48224),(50.68268,16.48224),(50.68268,16.47400),(50.67993,16.47400)
[END]

Label=0000ff
Data2=(50.68817,16.51520),(50.68817,16.51245),(50.68542,16.51245),(50.68542,16.50971),(50.68268,16.51245),(50.68268,16.50696),(50.68268,16.50971),(50.67718,16.51795),(50.67444,16.51795),(50.67169,16.52069),(50.67169,16.51795),(50.66894,16.51795),(50.66620,16.52069),(50.66620,16.52618)
[END]

Label=0000ff
Data2=(50.66620,16.46851),(50.66620,16.47125),(50.67169,16.47125),(50.67169,16.47949),(50.66894,16.47949),(50.67169,16.47949),(50.66620,16.48773),(50.66620,16.50421)
[END]

Label=ff0000
Data2=(50.67718,16.47400),(50.67718,16.47675),(50.67993,16.47675),(50.67993,16.47400),(50.67993,16.48499),(50.67718,16.48773),(50.67718,16.49048),(50.67444,16.49048),(50.67444,16.49872),(50.67169,16.49872),(50.67169,16.50147),(50.66894,16.50147),(50.66894,16.50421),(50.66620,16.50421)
[END]

Label=ff0000
Data2=(50.67718,16.47400),(50.67444,16.47400),(50.67444,16.47675),(50.67169,16.47675),(50.67169,16.47125),(50.66620,16.47125),(50.66620,16.46851)
[END]

Label=ff0000
Data2=(50.66620,16.47400),(50.66620,16.47675),(50.66894,16.47675),(50.66894,16.47949),(50.67169,16.47949),(50.67169,16.47675),(50.67169,16.47949),(50.67444,16.47949),(50.67444,16.48224),(50.67169,16.48499),(50.67169,16.48773),(50.66894,16.48773),(50.66894,16.49597),(50.66620,16.49872),(50.66620,16.50421)
[END]

Label=00ff00
Data2=(50.68268,16.45203),(50.68268,16.45477),(50.67718,16.46027),(50.67718,16.47400),(50.67444,16.47400),(50.67444,16.47675),(50.67169,16.47675),(50.67169,16.47125),(50.66620,16.47125),(50.66620,16.46851)
[END]

Label=ff0000
Data2=(50.66620,16.45752),(50.66070,16.46576),(50.66070,16.46851),(50.66345,16.47125),(50.66345,16.47400),(50.66620,16.47400)
[END]

Label=ff0000
Data2=(50.66620,16.50421),(50.66345,16.50421),(50.66345,16.50696),(50.66070,16.50696),(50.66070,16.50971),(50.65796,16.50971),(50.65796,16.51245),(50.65521,16.51520),(50.65521,16.52618)
[END]

Label=ff0000
Data2=(50.65521,16.52618),(50.65246,16.52618),(50.65246,16.52893),(50.64697,16.52893),(50.64697,16.53442)
[END]

Label=00ff00
Data2=(50.66620,16.47949),(50.66345,16.47949),(50.66345,16.47675),(50.65796,16.47675)
[END]

Label=00ff00
Data2=(50.64422,16.49048),(50.64697,16.49048),(50.64697,16.49597),(50.64972,16.49323),(50.64972,16.49048),(50.65246,16.48773),(50.65246,16.48499),(50.65521,16.48224),(50.65796,16.48224),(50.65796,16.49323),(50.66070,16.49597),(50.66345,16.49597),(50.66345,16.50147),(50.66620,16.50147)
[END]

Label=00ff00
Data2=(50.65521,16.52618),(50.65246,16.52618),(50.65246,16.52069),(50.64972,16.52069),(50.64972,16.51795),(50.64697,16.51795),(50.64697,16.51520),(50.64422,16.51520),(50.64422,16.51245),(50.64148,16.51245),(50.63599,16.50971),(50.63599,16.50696)
[END]

Label=ff0000
Data2=(50.64697,16.53442),(50.64697,16.54266),(50.64148,16.54266),(50.64148,16.54541),(50.63599,16.54541),(50.63599,16.55090)
[END]

Label=0000ff
Data2=(50.65246,16.58386),(50.65246,16.57013),(50.65521,16.56738),(50.65521,16.56189),(50.65796,16.55914),(50.65796,16.55365),(50.66070,16.55365),(50.66070,16.54541),(50.66345,16.54266),(50.66070,16.54266),(50.66345,16.54266),(50.66345,16.53992),(50.66070,16.53992),(50.66070,16.53717),(50.66345,16.53717),(50.66345,16.53168),(50.66070,16.53168),(50.66070,16.52893),(50.66345,16.52893),(50.66345,16.52618),(50.66345,16.52893),(50.66620,16.52893),(50.66620,16.52618)
[END]

Label=0000ff
Data2=(50.63599,16.55090),(50.63324,16.54816),(50.63324,16.54266),(50.63873,16.54266),(50.63873,16.53717),(50.64148,16.53717),(50.64148,16.53442),(50.64422,16.53442),(50.64422,16.52069),(50.64697,16.52069),(50.64697,16.52344),(50.64972,16.52344),(50.64972,16.52618),(50.65521,16.52618),(50.65521,16.51520),(50.65796,16.51245),(50.65796,16.50147),(50.66070,16.50147),(50.66070,16.50421),(50.66620,16.50421)
[END]

Label=ff0000
Data2=(50.66070,16.46576),(50.66070,16.46851),(50.66345,16.47125),(50.66345,16.47400),(50.66620,16.47400)
[END]

Label=00ff00
Data2=(50.65521,16.52618),(50.65521,16.53168),(50.65246,16.53442),(50.65246,16.53717),(50.64972,16.53717),(50.64972,16.53992),(50.65246,16.53992),(50.65246,16.54816),(50.64972,16.54816),(50.64972,16.54541),(50.64972,16.54816),(50.64697,16.54816),(50.64697,16.54541),(50.64422,16.54541),(50.64422,16.55365),(50.63873,16.55365),(50.63873,16.55640),(50.63873,16.55365),(50.63599,16.55365),(50.63599,16.55090)
[END]

Label=00ff00
Data2=(50.66070,16.46576),(50.66345,16.46576),(50.66345,16.46851),(50.66620,16.46851)
[END]

Label=00ff00
Data2=(50.65796,16.43555),(50.65796,16.43829),(50.66070,16.43829),(50.66070,16.44104),(50.66345,16.44104),(50.66345,16.44379),(50.66620,16.44379)
[END]

Label=ff00ff
Data1=(50.68405,16.45374),(50.68474,16.45443),(50.68474,16.45649),(50.68508,16.45718),(50.68542,16.45855),(50.68577,16.45924),(50.68645,16.45992),(50.68680,16.45992),(50.68748,16.46095),(50.68817,16.46267),(50.68817,16.46336),(50.68920,16.46507),(50.68920,16.46576),(50.68851,16.46645),(50.68817,16.46713),(50.68714,16.46782),(50.68680,16.46851),(50.68680,16.46954),(50.68714,16.47125),(50.68714,16.47263),(50.68783,16.47400),(50.68748,16.47469),(50.68748,16.47572),(50.68714,16.47675),(50.68748,16.47812),(50.68748,16.47915),(50.68783,16.47984),(50.68783,16.48018),(50.68920,16.48018),(50.68954,16.47984),(50.69126,16.47915),(50.69195,16.47915),(50.69195,16.47881),(50.69263,16.47812),(50.69435,16.47709),(50.69504,16.47640),(50.69572,16.47537),(50.69641,16.47469),(50.69641,16.47434),(50.69710,16.47400),(50.69710,16.47469)
[END]

Label=000000
Data1=(50.66105,16.47846),(50.66036,16.47778),(50.66002,16.47778),(50.65967,16.47709),(50.65864,16.47400),(50.65864,16.47331),(50.65967,16.47194),(50.66036,16.47057),(50.66105,16.46679),(50.66208,16.46576)
[END]

Label=000000
Data1=(50.65967,16.43726),(50.65967,16.43898),(50.66002,16.43898),(50.65967,16.43898),(50.65967,16.43932),(50.65933,16.43932),(50.65933,16.44001),(50.65796,16.44035),(50.65761,16.44138),(50.65521,16.44379),(50.65452,16.44482),(50.65384,16.44482),(50.65315,16.44516),(50.65246,16.44619),(50.65109,16.44619),(50.65075,16.44688),(50.64903,16.44825),(50.64834,16.44928),(50.64834,16.44997),(50.64869,16.45031),(50.64903,16.45100),(50.64903,16.45134),(50.64834,16.45271),(50.64766,16.45306),(50.64766,16.45443),(50.64800,16.45512),(50.64800,16.45580),(50.64766,16.45683),(50.64525,16.46095),(50.64525,16.46198),(50.64491,16.46336),(50.64491,16.46473),(50.64457,16.46645),(50.64388,16.46645),(50.64388,16.46679),(50.64491,16.46679),(50.64560,16.46610),(50.64731,16.46610),(50.64525,16.46919),(50.64319,16.47091),(50.64114,16.47125),(50.64114,16.47160),(50.64148,16.47228),(50.64148,16.47297),(50.64285,16.47434),(50.64182,16.47537),(50.64148,16.47503),(50.64114,16.47503),(50.64045,16.47640),(50.64045,16.47778),(50.63976,16.47846),(50.63942,16.47846),(50.63942,16.47881),(50.63908,16.47881),(50.63908,16.47915),(50.63873,16.47949),(50.63873,16.47984),(50.63839,16.47984),(50.63839,16.48018),(50.63702,16.48121),(50.63702,16.48293),(50.63667,16.48327),(50.63667,16.48396),(50.63633,16.48396),(50.63633,16.48430),(50.63564,16.48533),(50.63564,16.48636),(50.63530,16.48670),(50.63530,16.48705),(50.63496,16.48739),(50.63496,16.48773),(50.63427,16.48911),(50.63393,16.48945),(50.63393,16.48979),(50.63427,16.49014),(50.63427,16.49220),(50.63393,16.49220),(50.63393,16.49254),(50.63358,16.49254),(50.63358,16.49426),(50.63324,16.49460),(50.63324,16.49494),(50.63290,16.49563),(50.63290,16.49666),(50.63255,16.49735),(50.63255,16.49803),(50.63187,16.49769),(50.63152,16.49769)
[END]

Label=000000
Data1=(50.65178,16.53889),(50.65212,16.53923),(50.65212,16.53992),(50.65281,16.54060),(50.65349,16.54163),(50.65384,16.54369),(50.65487,16.54472),(50.65555,16.54610),(50.65624,16.54678),(50.65658,16.54678),(50.65693,16.54713),(50.65727,16.54713),(50.65727,16.54678),(50.65864,16.54438),(50.65899,16.54335),(50.65967,16.54301),(50.66036,16.54301),(50.66070,16.54438),(50.66105,16.54507),(50.66105,16.54610),(50.66070,16.54678),(50.66070,16.54713),(50.66105,16.54816),(50.66105,16.54987),(50.66139,16.55125),(50.66139,16.55296),(50.66105,16.55365),(50.66002,16.55468),(50.65967,16.55468),(50.65967,16.55674),(50.65864,16.55983),(50.65796,16.56052),(50.65761,16.56189),(50.65693,16.56292),(50.65624,16.56532),(50.65555,16.56635),(50.65521,16.56807),(50.65487,16.56841),(50.65418,16.57219),(50.65384,16.57322),(50.65384,16.57459),(50.65281,16.57803),(50.65281,16.57871),(50.65212,16.58112),(50.65246,16.58283),(50.65246,16.58455),(50.65555,16.59004),(50.65761,16.59279),(50.65830,16.59348),(50.66173,16.59554),(50.66173,16.59588),(50.66345,16.59828),(50.66482,16.59966),(50.66585,16.60103),(50.66036,16.60412),(50.65555,16.60412),(50.65418,16.60481),(50.65315,16.60584),(50.65109,16.60961),(50.65075,16.60961),(50.64800,16.61064),(50.64663,16.61167),(50.64594,16.61167),(50.64491,16.61202),(50.64457,16.61236),(50.64388,16.61236),(50.64388,16.61270),(50.64422,16.61305),(50.64388,16.61305),(50.64354,16.61339),(50.64148,16.61408),(50.63839,16.61408),(50.63667,16.61579),(50.63667,16.61854),(50.63702,16.61991),(50.63667,16.62026),(50.63667,16.62094),(50.63564,16.62232),(50.63564,16.62335),(50.63530,16.62369),(50.63496,16.62369),(50.63496,16.62335),(50.63461,16.62300),(50.63393,16.62300),(50.63290,16.62197),(50.63255,16.62197),(50.63221,16.62232),(50.63221,16.62266),(50.63187,16.62335),(50.63152,16.62335),(50.63118,16.62300),(50.63084,16.62232),(50.63084,16.62197),(50.63049,16.62163),(50.63049,16.62129),(50.62981,16.62197),(50.62946,16.62197),(50.62912,16.62232),(50.62843,16.62232),(50.62775,16.62335),(50.62740,16.62335),(50.62706,16.62369),(50.62500,16.62472),(50.62431,16.62472),(50.62225,16.62644),(50.62157,16.62815),(50.62122,16.62850),(50.61951,16.62850),(50.61916,16.62884),(50.61916,16.62918),(50.61882,16.62987),(50.61848,16.63021),(50.61813,16.63021),(50.61676,16.63158),(50.61539,16.63227),(50.61539,16.63296),(50.61470,16.63364),(50.61436,16.63433),(50.61230,16.63639),(50.61161,16.63639),(50.61092,16.63742),(50.60989,16.63845),(50.60921,16.63879),(50.60783,16.63879),(50.60749,16.63914),(50.60715,16.64017),(50.60680,16.64051),(50.60680,16.64154),(50.60543,16.64394),(50.60440,16.64635),(50.60406,16.64772),(50.60371,16.64806),(50.60268,16.64875),(50.60200,16.64875),(50.60062,16.64944),(50.59856,16.64944),(50.59685,16.65012),(50.59582,16.64944),(50.59513,16.64944),(50.59479,16.64978),(50.59410,16.65081),(50.59341,16.65150),(50.59341,16.65253),(50.59170,16.65768),(50.59101,16.65871),(50.58964,16.66008),(50.58620,16.66489),(50.58552,16.66729),(50.58380,16.66454),(50.58380,16.66386),(50.58346,16.66386),(50.58311,16.66283),(50.58243,16.66248),(50.58243,16.66214),(50.58174,16.66214),(50.58140,16.66248),(50.57968,16.66317),(50.57728,16.66523),(50.57659,16.66557),(50.57556,16.66557),(50.57522,16.66763),(50.57487,16.66798),(50.57384,16.66798),(50.57281,16.66763),(50.57110,16.66866),(50.56938,16.67004),(50.56904,16.67072),(50.56835,16.67141),(50.56801,16.67278),(50.56801,16.67484),(50.56835,16.67587),(50.57144,16.68240),(50.57144,16.68274),(50.56801,16.68377),(50.56595,16.68549),(50.56286,16.68892),(50.56080,16.69201),(50.56011,16.69270),(50.56011,16.69304),(50.55839,16.69647),(50.55736,16.70094),(50.55736,16.70197),(50.55668,16.70334),(50.55633,16.70471),(50.55565,16.70540),(50.55565,16.70574),(50.55530,16.70574),(50.55496,16.70712),(50.55427,16.70815),(50.55290,16.71124),(50.55118,16.71604),(50.55015,16.71776),(50.54912,16.71810),(50.54878,16.71879),(50.54603,16.72119),(50.54535,16.72154),(50.54466,16.72325),(50.54397,16.72394),(50.54260,16.72669),(50.54020,16.73081),(50.53985,16.73115),(50.53917,16.73115),(50.53882,16.73081),(50.53848,16.73081),(50.53779,16.73115),(50.53779,16.73149),(50.53676,16.73355),(50.53539,16.73561),(50.53402,16.74042),(50.53265,16.74248),(50.53265,16.74316),(50.53162,16.74522),(50.53093,16.74763),(50.52956,16.75003),(50.52921,16.75243),(50.52921,16.75415),(50.52853,16.75690),(50.52853,16.75758),(50.52784,16.76067),(50.52784,16.76170),(50.52715,16.76445),(50.52715,16.76514),(50.52681,16.76582),(50.52544,16.76720),(50.52406,16.76788),(50.52166,16.76788),(50.52063,16.76994),(50.51891,16.77235),(50.51857,16.77338),(50.51754,16.77544),(50.51823,16.77818)
[END]

Label=000000
Data1=(50.66688,16.51005),(50.66620,16.51142),(50.66585,16.51280),(50.66482,16.51520),(50.66311,16.51623),(50.66276,16.51657),(50.66276,16.51692),(50.66173,16.51760),(50.66070,16.51760),(50.66002,16.51726),(50.65933,16.51726),(50.65933,16.51795),(50.65830,16.51898),(50.65761,16.52172),(50.65761,16.52584),(50.65693,16.52653),(50.65624,16.52653),(50.65693,16.52927),(50.65693,16.53030),(50.65658,16.53133),(50.65658,16.53202),(50.65521,16.53305),(50.65452,16.53442),(50.65384,16.53683),(50.65281,16.53751),(50.65178,16.53854),(50.65178,16.53889)
[END]

Label=000000
Data1=(50.66105,16.47846),(50.66139,16.47846),(50.66242,16.47984),(50.66242,16.48087),(50.66311,16.48293),(50.66311,16.48464),(50.66345,16.48602),(50.66345,16.48670),(50.66448,16.48876),(50.66517,16.49220),(50.66551,16.49288),(50.66585,16.49426),(50.66620,16.49460),(50.66620,16.49494),(50.66688,16.49529)
[END]

Label=000000
Data1=(50.66688,16.49529),(50.66723,16.49529),(50.66723,16.49666),(50.66688,16.49735),(50.66688,16.49769),(50.66757,16.49941),(50.66757,16.50112),(50.66791,16.50147),(50.66791,16.50421),(50.66826,16.50456)
[END]

Label=000000
Data1=(50.66826,16.50456),(50.66826,16.50524),(50.66688,16.50799),(50.66688,16.51005)
[END]

Label=ff0000
Data1=(50.65555,16.52653),(50.65521,16.52687),(50.65521,16.52721),(50.65384,16.52790),(50.65315,16.52893),(50.65315,16.52859),(50.65246,16.52859),(50.65246,16.52893),(50.65212,16.52893),(50.65212,16.52927),(50.65143,16.52893),(50.65109,16.52893),(50.65109,16.52927),(50.65040,16.52927),(50.65040,16.52962),(50.64972,16.52962),(50.64972,16.52927),(50.64937,16.52893),(50.64903,16.52893),(50.64937,16.52962),(50.64903,16.53168),(50.64903,16.53339),(50.64937,16.53408),(50.64903,16.53408),(50.64903,16.53545),(50.64869,16.53580),(50.64869,16.53648)
[END]

Label=ff0000
Data1=(50.66688,16.50524),(50.66620,16.50593),(50.66517,16.50593),(50.66482,16.50627),(50.66482,16.50662),(50.66414,16.50765),(50.66414,16.50799),(50.66379,16.50799),(50.66208,16.50971),(50.66208,16.51005),(50.66173,16.51039),(50.66173,16.51108),(50.66070,16.51108),(50.66036,16.51142),(50.66002,16.51142),(50.66002,16.51177),(50.65864,16.51314),(50.65864,16.51348),(50.65796,16.51417),(50.65796,16.51451),(50.65727,16.51520),(50.65727,16.51554),(50.65658,16.51623),(50.65658,16.51760),(50.65693,16.51795),(50.65693,16.52241),(50.65658,16.52309),(50.65693,16.52378),(50.65693,16.52481),(50.65624,16.52618),(50.65624,16.52687),(50.65555,16.52687),(50.65555,16.52653)
[END]

Label=ff0000
Data1=(50.66688,16.47537),(50.66757,16.47675),(50.66791,16.47675),(50.66860,16.47743),(50.66963,16.47812),(50.67032,16.47881),(50.67100,16.47984),(50.67238,16.47984),(50.67272,16.47949),(50.67306,16.47949),(50.67306,16.47915),(50.67341,16.47881),(50.67409,16.47984),(50.67444,16.47984),(50.67444,16.48018),(50.67478,16.48052),(50.67478,16.48087),(50.67512,16.48087),(50.67615,16.48155),(50.67718,16.48155),(50.67787,16.48258),(50.67856,16.48258),(50.67924,16.48430),(50.67959,16.48464),(50.67959,16.48533),(50.68027,16.48567)
[END]

Label=
Data1=(50.66826,16.44825),(50.66894,16.44928),(50.66860,16.45168),(50.66894,16.45237),(50.66894,16.45271),(50.66860,16.45443),(50.66688,16.45821),(50.66688,16.45889)
[END]

Label=
Data1=(50.67959,16.42902),(50.67993,16.42902),(50.68027,16.42868),(50.67993,16.43040),(50.67959,16.43108),(50.67856,16.43177),(50.67615,16.43417),(50.67615,16.43486),(50.67581,16.43520),(50.67581,16.43589),(50.67547,16.43692),(50.67547,16.43864),(50.67272,16.44207),(50.67238,16.44207),(50.67238,16.44241),(50.67169,16.44276),(50.67066,16.44379),(50.67066,16.44447),(50.67032,16.44482),(50.67032,16.44516),(50.66894,16.44688),(50.66894,16.44722),(50.66826,16.44825)
[END]

Label=ff0000
Data1=(50.66688,16.45855),(50.66620,16.45958),(50.66551,16.46027),(50.66482,16.46164),(50.66482,16.46198),(50.66517,16.46233),(50.66482,16.46233),(50.66414,16.46336),(50.66345,16.46404),(50.66311,16.46404),(50.66208,16.46576),(50.66208,16.46610),(50.66242,16.46645),(50.66276,16.46885),(50.66345,16.47125),(50.66448,16.47297),(50.66551,16.47400),(50.66620,16.47434),(50.66688,16.47537)
[END]

Label=ff0000
Data1=(50.66688,16.50524),(50.66757,16.50456),(50.66826,16.50456),(50.66894,16.50387),(50.67032,16.50353),(50.67169,16.50284),(50.67306,16.50181),(50.67409,16.50009),(50.67581,16.49906)
[END]

Label=ff0000
Data1=(50.67581,16.49906),(50.67581,16.49735),(50.67718,16.49185),(50.67753,16.49151),(50.67753,16.49117),(50.68027,16.48567)
[END]

Label=00ff00
Data1=(50.65555,16.52653),(50.65487,16.52653),(50.65418,16.52618),(50.65384,16.52618),(50.65418,16.52550),(50.65418,16.52515),(50.65246,16.52481),(50.65246,16.52447),(50.65212,16.52378),(50.65246,16.52344),(50.65246,16.52309),(50.65281,16.52309),(50.65281,16.52241),(50.65178,16.52138),(50.65178,16.52103),(50.65075,16.52001),(50.65040,16.51932),(50.64972,16.51898),(50.64869,16.51795),(50.64663,16.51657),(50.64628,16.51657),(50.64525,16.51554),(50.64457,16.51520),(50.64388,16.51451),(50.64319,16.51417),(50.64182,16.51383),(50.64148,16.51280),(50.63736,16.50936),(50.63667,16.50902)
[END]

Label=00ff00
Data1=(50.66688,16.48121),(50.66620,16.48121),(50.66551,16.48087),(50.66448,16.48087),(50.66379,16.48121),(50.66379,16.48087),(50.66311,16.47915),(50.66311,16.47846),(50.66242,16.47812),(50.66105,16.47812),(50.66070,16.47778),(50.66036,16.47778)
[END]

Label=00ff00
Data1=(50.64628,16.49254),(50.64663,16.49288),(50.64800,16.49220),(50.64800,16.49185),(50.64869,16.49082),(50.64903,16.49117),(50.64903,16.49220),(50.64937,16.49254),(50.64937,16.49563),(50.64937,16.49529),(50.64972,16.49460),(50.65040,16.49391),(50.65040,16.49357),(50.65109,16.49185),(50.65178,16.49082),(50.65246,16.48876),(50.65452,16.48670),(50.65452,16.48602),(50.65487,16.48533),(50.65555,16.48464),(50.65693,16.48430),(50.65796,16.48327),(50.65830,16.48327),(50.65864,16.48361),(50.65899,16.48602),(50.65933,16.48705),(50.65933,16.48876),(50.65967,16.48945),(50.65967,16.49014),(50.66002,16.49082),(50.66002,16.49494),(50.66036,16.49563),(50.66105,16.49632),(50.66242,16.49632),(50.66345,16.49735),(50.66448,16.50147),(50.66551,16.50215),(50.66551,16.50250),(50.66654,16.50318),(50.66688,16.50318)
[END]

Label=00ff00
Data1=(50.67100,16.47984),(50.67100,16.48018),(50.66997,16.48121),(50.66860,16.48121),(50.66688,16.48155),(50.66688,16.48121)
[END]

Label=00ff00
Data1=(50.67100,16.47984),(50.67135,16.48018),(50.67203,16.47984),(50.67238,16.47984),(50.67272,16.47949),(50.67306,16.47949),(50.67341,16.47881),(50.67375,16.47949),(50.67478,16.48052),(50.67478,16.48087),(50.67615,16.48155),(50.67718,16.48155),(50.67787,16.48258),(50.67821,16.48258),(50.67924,16.48464),(50.67959,16.48464),(50.67959,16.48533),(50.68027,16.48567)
[END]

Label=
Data1=(50.68920,16.51520),(50.68920,16.51589),(50.68954,16.51589),(50.68989,16.51520),(50.69057,16.51486),(50.69126,16.51657),(50.69126,16.51863),(50.69229,16.52069),(50.69298,16.52138),(50.69366,16.52275),(50.69366,16.52447),(50.69504,16.52653),(50.69607,16.52687),(50.69813,16.52893),(50.69916,16.52927),(50.69984,16.52996),(50.70053,16.53133),(50.70053,16.53168),(50.70122,16.53236),(50.70156,16.53305),(50.70225,16.53339),(50.70293,16.53442),(50.70328,16.53442),(50.70396,16.53374),(50.70362,16.53339),(50.70362,16.53030),(50.70396,16.52996),(50.70396,16.52962),(50.70431,16.52859),(50.70465,16.52824),(50.70499,16.52687),(50.70568,16.52618),(50.70568,16.52550)
[END]

Label=00ff00
Data1=(50.66826,16.50456),(50.66791,16.50421),(50.66757,16.50421),(50.66688,16.50318)
[END]

Label=ffff00
Data1=(50.66826,16.50456),(50.66791,16.50421),(50.66791,16.50147),(50.66826,16.50078),(50.66826,16.49735),(50.66860,16.49700),(50.66826,16.49666),(50.66826,16.49357),(50.66723,16.49254),(50.66723,16.49220),(50.66688,16.49185),(50.66688,16.49117),(50.66723,16.48979),(50.66757,16.48945),(50.66826,16.48808),(50.66826,16.48773),(50.66894,16.48636),(50.66929,16.48602),(50.66929,16.48567),(50.66963,16.48567),(50.66963,16.48533),(50.66997,16.48464),(50.66997,16.48430),(50.67032,16.48396),(50.67032,16.48361),(50.67100,16.48293),(50.67135,16.48224),(50.67135,16.48087),(50.67100,16.48018),(50.67100,16.47984)
[END]

Label=ffff00
Data1=(50.67581,16.49906),(50.67581,16.49735),(50.67718,16.49185),(50.68027,16.48567),(50.68027,16.48499),(50.68062,16.48396),(50.68062,16.48052),(50.68130,16.47984),(50.68130,16.47949),(50.68096,16.47881),(50.68096,16.47846),(50.68130,16.47778),(50.68130,16.47675),(50.68165,16.47606),(50.68130,16.47537),(50.68165,16.47469),(50.68165,16.47400),(50.68199,16.47297),(50.68199,16.46954),(50.68165,16.46885),(50.68199,16.46816),(50.68199,16.46542),(50.68233,16.46473),(50.68233,16.46061),(50.68268,16.45992),(50.68268,16.45889),(50.68302,16.45752),(50.68302,16.45683),(50.68336,16.45649),(50.68405,16.45512),(50.68474,16.45443)
[END]

Label=
Data1=(50.68954,16.51589),(50.68920,16.51657),(50.68851,16.51657),(50.68851,16.51829),(50.68783,16.52001),(50.68783,16.52344),(50.68748,16.52550),(50.68748,16.53065),(50.68714,16.53236),(50.68714,16.53374),(50.68611,16.53648),(50.68474,16.54129),(50.68439,16.54129),(50.68439,16.54266),(50.68405,16.54301),(50.68336,16.54301),(50.68336,16.54335)
[END]

Label=ff0000
Data1=(50.64869,16.53648),(50.64869,16.53751),(50.64834,16.53786),(50.64834,16.54060),(50.64869,16.54266),(50.64834,16.54301),(50.64697,16.54301),(50.64594,16.54266),(50.64491,16.54266),(50.64422,16.54335),(50.64354,16.54438),(50.64319,16.54507),(50.64319,16.54541),(50.64285,16.54575),(50.64285,16.54678),(50.64251,16.54781),(50.64182,16.54781),(50.64079,16.54747),(50.63770,16.54747),(50.63770,16.54850),(50.63805,16.54884),(50.63805,16.55056),(50.63770,16.55090),(50.63770,16.55125),(50.63736,16.55125),(50.63736,16.55228),(50.63702,16.55262),(50.63667,16.55262),(50.63633,16.55296),(50.63633,16.55331)
[END]

Label=0000ff
Data1=(50.65246,16.58352),(50.65212,16.58283),(50.65212,16.58112),(50.65281,16.57871),(50.65281,16.57768),(50.65349,16.57597),(50.65384,16.57459),(50.65384,16.57219),(50.65418,16.57047),(50.65452,16.56979),(50.65555,16.56635),(50.65624,16.56498),(50.65796,16.56017),(50.65864,16.55983),(50.65967,16.55674),(50.65967,16.55434),(50.66036,16.55434),(50.66105,16.55365),(50.66105,16.55296),(50.66139,16.55296),(50.66139,16.55125),(50.66173,16.55022),(50.66139,16.54953),(50.66173,16.54919),(50.66173,16.54816),(50.66208,16.54747),(50.66208,16.54678),(50.66276,16.54610),(50.66276,16.54541),(50.66345,16.54472),(50.66311,16.54438),(50.66311,16.54266),(50.66345,16.54232),(50.66345,16.54163),(50.66311,16.54095),(50.66242,16.54026),(50.66242,16.53957),(50.66173,16.53820),(50.66173,16.53786),(50.66242,16.53786),(50.66276,16.53820),(50.66311,16.53820),(50.66379,16.53889),(50.66379,16.53923),(50.66414,16.53923),(50.66448,16.53889),(50.66448,16.53820),(50.66482,16.53751),(50.66482,16.53683),(50.66517,16.53683),(50.66517,16.53614),(50.66448,16.53442),(50.66379,16.53408),(50.66276,16.53305),(50.66276,16.53271),(50.66208,16.53133),(50.66208,16.53099),(50.66242,16.53065),(50.66276,16.53099),(50.66379,16.53099),(50.66414,16.53030),(50.66414,16.52927),(50.66517,16.52824),(50.66585,16.52927),(50.66620,16.52927),(50.66654,16.52756),(50.66688,16.52721)
[END]

Label=0000ff
Data1=(50.68920,16.51520),(50.68886,16.51520),(50.68748,16.51417),(50.68680,16.51314),(50.68645,16.51211),(50.68577,16.51177),(50.68439,16.51211),(50.68371,16.51108),(50.68371,16.51039),(50.68336,16.50936),(50.68302,16.50868),(50.68268,16.50868),(50.68268,16.51005),(50.68233,16.51108),(50.68165,16.51211),(50.68096,16.51451),(50.68027,16.51520),(50.67856,16.51760),(50.67787,16.51932),(50.67787,16.51966),(50.67718,16.52035),(50.67684,16.52001),(50.67478,16.52001),(50.67272,16.52138),(50.67238,16.52138),(50.67238,16.51829),(50.67203,16.51760),(50.67135,16.51829),(50.67135,16.51863),(50.67100,16.51863),(50.67032,16.51795),(50.67032,16.51829),(50.66963,16.52001),(50.66826,16.52275),(50.66688,16.52721)
[END]

Label=0000ff
Data1=(50.69710,16.47469),(50.69675,16.47434),(50.69641,16.47434),(50.69641,16.47469),(50.69538,16.47743),(50.69469,16.47812),(50.69401,16.47949),(50.69366,16.47949),(50.69332,16.48018),(50.69229,16.48121),(50.69023,16.48190),(50.68886,16.48258),(50.68851,16.48293),(50.68817,16.48293),(50.68783,16.48396),(50.68714,16.48396),(50.68577,16.48361),(50.68542,16.48327),(50.68474,16.48327),(50.68439,16.48361),(50.68405,16.48327),(50.68336,16.47984),(50.68336,16.47881),(50.68302,16.47812),(50.68302,16.47640),(50.68165,16.47434)
[END]

Label=0000ff
Data1=(50.66688,16.47022),(50.66688,16.47057),(50.66757,16.47160),(50.67100,16.47331),(50.67135,16.47331),(50.67203,16.47366),(50.67238,16.47400),(50.67375,16.47640),(50.67375,16.47675),(50.67409,16.47709),(50.67409,16.47743),(50.67341,16.47846),(50.67341,16.47881),(50.67306,16.47881),(50.67238,16.47949),(50.67203,16.47949),(50.67169,16.47984),(50.67100,16.47984),(50.67135,16.48018),(50.67135,16.48224),(50.67066,16.48361),(50.66997,16.48430),(50.66963,16.48567),(50.66894,16.48636),(50.66860,16.48773),(50.66723,16.48979),(50.66688,16.49117),(50.66688,16.49185),(50.66723,16.49220),(50.66723,16.49254),(50.66791,16.49323),(50.66826,16.49323),(50.66826,16.49632),(50.66860,16.49666),(50.66860,16.49735),(50.66826,16.49838),(50.66757,16.49872),(50.66723,16.49872),(50.66757,16.50112),(50.66791,16.50181),(50.66791,16.50421),(50.66826,16.50456),(50.66757,16.50456),(50.66688,16.50524)
[END]

Label=0000ff
Data1=(50.63633,16.55331),(50.63633,16.55262),(50.63667,16.55193),(50.63667,16.55125),(50.63633,16.55125),(50.63633,16.55056),(50.63461,16.54747),(50.63427,16.54610),(50.63427,16.54541),(50.63461,16.54507),(50.63496,16.54507),(50.63564,16.54404),(50.63736,16.54335),(50.63770,16.54369),(50.63805,16.54369),(50.63908,16.54301),(50.63976,16.54129),(50.63942,16.54060),(50.63942,16.53923),(50.63976,16.53889),(50.64045,16.53889),(50.64182,16.53820),(50.64216,16.53786),(50.64216,16.53751),(50.64251,16.53717),(50.64251,16.53614),(50.64319,16.53511),(50.64354,16.53511),(50.64388,16.53477),(50.64491,16.53477),(50.64525,16.53442),(50.64491,16.53374),(50.64491,16.53305),(50.64457,16.53271),(50.64457,16.52721),(50.64628,16.52378),(50.64628,16.52309),(50.64663,16.52206),(50.64697,16.52172),(50.64731,16.52172),(50.64834,16.52275),(50.64834,16.52309),(50.64869,16.52378),(50.65178,16.52721),(50.65349,16.52756),(50.65384,16.52790),(50.65384,16.52756),(50.65521,16.52687),(50.65555,16.52653),(50.65624,16.52653),(50.65624,16.52618),(50.65693,16.52481),(50.65693,16.52378),(50.65658,16.52344),(50.65658,16.52241),(50.65693,16.52103),(50.65658,16.52069),(50.65693,16.51966),(50.65658,16.51795),(50.65658,16.51623),(50.65727,16.51520),(50.65796,16.51451),(50.65796,16.51383),(50.65864,16.51348),(50.65864,16.51314),(50.65899,16.51280),(50.65899,16.50627),(50.65864,16.50559),(50.65864,16.50387),(50.65899,16.50318),(50.65899,16.50250),(50.65933,16.50250),(50.66036,16.50353),(50.66070,16.50353),(50.66139,16.50421),(50.66208,16.50524),(50.66276,16.50524),(50.66311,16.50490),(50.66345,16.50490),(50.66448,16.50593),(50.66585,16.50593),(50.66654,16.50524),(50.66688,16.50524)
[END]

Label=0000ff
Data1=(50.66208,16.46576),(50.66242,16.46576),(50.66242,16.46679),(50.66276,16.46679),(50.66345,16.46748),(50.66482,16.46782),(50.66551,16.46885),(50.66688,16.47022)
[END]

Label=ff0000
Data1=(50.66208,16.46576),(50.66208,16.46610),(50.66242,16.46645),(50.66276,16.46885),(50.66345,16.47125),(50.66379,16.47194),(50.66448,16.47263),(50.66482,16.47331),(50.66517,16.47366),(50.66551,16.47366),(50.66551,16.47400),(50.66620,16.47434),(50.66688,16.47503)
[END]

Label=ff0000
Data1=(50.66242,16.46679),(50.66345,16.46748),(50.66482,16.46782),(50.66517,16.46885),(50.66585,16.46919),(50.66654,16.47022),(50.66688,16.47022)
[END]

Label=ff0000
Data1=(50.67856,16.47606),(50.67856,16.47572),(50.67753,16.47469),(50.67684,16.47469),(50.67684,16.47503),(50.67650,16.47503),(50.67512,16.47640),(50.67512,16.47675),(50.67409,16.47675),(50.67409,16.47709),(50.67375,16.47675),(50.67375,16.47640),(50.67238,16.47400),(50.67203,16.47366),(50.67135,16.47331),(50.67100,16.47331),(50.66757,16.47160),(50.66723,16.47125),(50.66688,16.47057),(50.66688,16.47022)
[END]

Label=ff0000
Data1=(50.66688,16.47503),(50.66723,16.47606),(50.66791,16.47675),(50.66860,16.47709),(50.67032,16.47881),(50.67100,16.47984),(50.67169,16.47984),(50.67203,16.47949),(50.67272,16.47949),(50.67341,16.47881),(50.67478,16.48018),(50.67478,16.48052),(50.67547,16.48121),(50.67547,16.48190),(50.67512,16.48224),(50.67409,16.48464),(50.67341,16.48533),(50.67306,16.48636),(50.67169,16.48773),(50.67100,16.48911),(50.67066,16.48945),(50.67032,16.49082),(50.67032,16.49117),(50.67066,16.49185),(50.67066,16.49288),(50.67032,16.49426),(50.67032,16.49494),(50.66997,16.49563),(50.66997,16.49735),(50.66894,16.49838),(50.66826,16.49872),(50.66826,16.49838),(50.66826,16.49906),(50.66860,16.49941),(50.66860,16.49975),(50.66791,16.50147),(50.66791,16.50421),(50.66826,16.50456)
[END]

Label=ff0000
Data1=(50.67856,16.47606),(50.67856,16.47640),(50.67890,16.47675),(50.67959,16.47675),(50.68027,16.47606),(50.68062,16.47606),(50.68062,16.47640),(50.68096,16.47675),(50.68096,16.47709),(50.68130,16.47709),(50.68130,16.47778),(50.68096,16.47846),(50.68096,16.47984),(50.68062,16.48052),(50.68062,16.48396),(50.68027,16.48499),(50.68027,16.48567),(50.67753,16.49082),(50.67753,16.49117),(50.67650,16.49117),(50.67650,16.49494),(50.67581,16.49735),(50.67581,16.49906),(50.67409,16.49975),(50.67306,16.50181),(50.67169,16.50284),(50.67032,16.50318),(50.66894,16.50387),(50.66826,16.50456)
[END]

Label=00ff00
Data1=(50.66208,16.46576),(50.66208,16.46610),(50.66276,16.46713),(50.66345,16.46748),(50.66482,16.46782),(50.66551,16.46885),(50.66688,16.47022)
[END]

Label=00ff00
Data1=(50.65967,16.43726),(50.65967,16.43829),(50.66002,16.43864),(50.66002,16.43898),(50.66070,16.44001),(50.66242,16.44173),(50.66345,16.44173),(50.66379,16.44207),(50.66379,16.44241),(50.66517,16.44379),(50.66551,16.44447),(50.66551,16.44482),(50.66585,16.44482),(50.66654,16.44550),(50.66654,16.44585),(50.66688,16.44585)
[END]

Label=00ff00
Data1=(50.65624,16.52653),(50.65624,16.52687),(50.65658,16.52756),(50.65658,16.53202),(50.65521,16.53305),(50.65452,16.53442),(50.65384,16.53648),(50.65178,16.53854),(50.65178,16.53992),(50.65281,16.54198),(50.65281,16.54472),(50.65315,16.54575),(50.65349,16.54575),(50.65349,16.54781),(50.65315,16.54816),(50.65315,16.54850),(50.65281,16.54850),(50.65212,16.54781),(50.65109,16.54781),(50.65040,16.54816),(50.65006,16.54884),(50.64972,16.54884),(50.64972,16.54919),(50.64937,16.54884),(50.64903,16.54884),(50.64834,16.54850),(50.64766,16.54850),(50.64766,16.54816),(50.64731,16.54781),(50.64731,16.54747),(50.64663,16.54747),(50.64663,16.54713),(50.64594,16.54781),(50.64491,16.55022),(50.64491,16.55125),(50.64388,16.55399),(50.64388,16.55434),(50.64182,16.55434),(50.64045,16.55502),(50.63942,16.55605),(50.63908,16.55605),(50.63873,16.55571),(50.63873,16.55399),(50.63805,16.55331),(50.63770,16.55365),(50.63667,16.55365),(50.63633,16.55331)
[END]

Label=00ff00
Data1=(50.68474,16.45443),(50.68439,16.45443),(50.68405,16.45512),(50.68371,16.45512),(50.68268,16.45580),(50.67890,16.46061),(50.67856,16.46198),(50.67856,16.46439),(50.67821,16.46576),(50.67924,16.46816),(50.67924,16.46954),(50.67959,16.47160),(50.67959,16.47331),(50.67924,16.47434),(50.67924,16.47537),(50.67856,16.47606),(50.67856,16.47572),(50.67753,16.47469),(50.67684,16.47469),(50.67684,16.47503),(50.67650,16.47503),(50.67512,16.47640),(50.67512,16.47675),(50.67409,16.47675),(50.67409,16.47709),(50.67375,16.47675),(50.67375,16.47640),(50.67238,16.47400),(50.67203,16.47366),(50.67135,16.47331),(50.67100,16.47331),(50.66757,16.47160),(50.66723,16.47125),(50.66688,16.47057),(50.66688,16.47022)
[END]

Label=ff00ff
Data0=(50.68413,16.45379),(50.68448,16.45434),(50.68452,16.45452),(50.68465,16.45482),(50.68470,16.45563),(50.68465,16.45623),(50.68465,16.45645),(50.68547,16.45855),(50.68585,16.45932),(50.68650,16.45997),(50.68667,16.46001),(50.68718,16.46057),(50.68757,16.46117),(50.68778,16.46168),(50.68796,16.46276),(50.68821,16.46340),(50.68873,16.46443),(50.68907,16.46525),(50.68912,16.46580),(50.68894,16.46610),(50.68856,16.46653),(50.68809,16.46718),(50.68774,16.46765),(50.68722,16.46803),(50.68667,16.46881),(50.68658,16.46911),(50.68658,16.46962),(50.68688,16.47142),(50.68722,16.47258),(50.68757,16.47353),(50.68761,16.47413),(50.68757,16.47494),(50.68735,16.47585),(50.68722,16.47688),(50.68735,16.47833),(50.68753,16.47906),(50.68774,16.47997),(50.68791,16.48014),(50.68843,16.48027),(50.68894,16.48014),(50.68963,16.47997),(50.69031,16.47975),(50.69118,16.47915),(50.69173,16.47906),(50.69203,16.47894),(50.69268,16.47825),(50.69319,16.47782),(50.69375,16.47756),(50.69465,16.47683),(50.69564,16.47537),(50.69585,16.47512),(50.69649,16.47443),(50.69684,16.47421),(50.69705,16.47464)
[END]

Label=000000
Data0=(50.66101,16.47842),(50.66028,16.47799),(50.66006,16.47795),(50.65963,16.47713),(50.65856,16.47417),(50.65856,16.47383),(50.65873,16.47344),(50.65963,16.47215),(50.65998,16.47142),(50.66062,16.46932),(50.66109,16.46683),(50.66131,16.46649),(50.66199,16.46593),(50.66212,16.46593)
[END]

Label=000000
Data0=(50.65972,16.43752),(50.65959,16.43774),(50.65959,16.43829),(50.65976,16.43902),(50.65976,16.43915),(50.65976,16.43924),(50.65959,16.43932),(50.65942,16.43950),(50.65920,16.43992),(50.65839,16.44048),(50.65822,16.44048),(50.65800,16.44061),(50.65748,16.44156),(50.65706,16.44198),(50.65568,16.44310),(50.65500,16.44387),(50.65448,16.44478),(50.65414,16.44486),(50.65371,16.44482),(50.65311,16.44520),(50.65272,16.44572),(50.65233,16.44615),(50.65174,16.44640),(50.65135,16.44632),(50.65101,16.44645),(50.65062,16.44692),(50.64895,16.44825),(50.64865,16.44855),(50.64839,16.44932),(50.64826,16.44971),(50.64830,16.44988),(50.64873,16.45057),(50.64890,16.45104),(50.64882,16.45151),(50.64856,16.45216),(50.64813,16.45271),(50.64770,16.45327),(50.64744,16.45396),(50.64757,16.45439),(50.64792,16.45516),(50.64796,16.45559),(50.64779,16.45602),(50.64753,16.45688),(50.64603,16.45992),(50.64530,16.46121),(50.64504,16.46211),(50.64500,16.46357),(50.64470,16.46494),(50.64448,16.46606),(50.64431,16.46636),(50.64414,16.46653),(50.64384,16.46666),(50.64380,16.46675),(50.64367,16.46692),(50.64380,16.46700),(50.64418,16.46696),(50.64478,16.46675),(50.64551,16.46636),(50.64689,16.46602),(50.64701,16.46610),(50.64706,16.46632),(50.64706,16.46662),(50.64701,16.46679),(50.64534,16.46915),(50.64358,16.47074),(50.64315,16.47087),(50.64118,16.47138),(50.64105,16.47138),(50.64101,16.47151),(50.64126,16.47254),(50.64152,16.47310),(50.64212,16.47366),(50.64242,16.47396),(50.64264,16.47447),(50.64221,16.47520),(50.64174,16.47546),(50.64135,16.47499),(50.64118,16.47494),(50.64105,16.47499),(50.64053,16.47649),(50.64041,16.47756),(50.64032,16.47803),(50.64015,16.47825),(50.63972,16.47842),(50.63933,16.47863),(50.63912,16.47902),(50.63899,16.47924),(50.63882,16.47953),(50.63847,16.47997),(50.63843,16.48001),(50.63813,16.48035),(50.63744,16.48095),(50.63710,16.48138),(50.63693,16.48168),(50.63680,16.48220),(50.63689,16.48254),(50.63680,16.48310),(50.63676,16.48331),(50.63641,16.48387),(50.63641,16.48409),(50.63641,16.48430),(50.63629,16.48451),(50.63590,16.48520),(50.63573,16.48537),(50.63568,16.48554),(50.63556,16.48632),(50.63534,16.48674),(50.63491,16.48765),(50.63474,16.48795),(50.63405,16.48932),(50.63401,16.48958),(50.63401,16.48979),(50.63414,16.49022),(50.63414,16.49224),(50.63405,16.49237),(50.63384,16.49254),(50.63367,16.49271),(50.63367,16.49310),(50.63362,16.49336),(50.63350,16.49353),(50.63345,16.49395),(50.63332,16.49486),(50.63298,16.49576),(50.63281,16.49619),(50.63264,16.49743),(50.63234,16.49799),(50.63178,16.49782),(50.63165,16.49773),(50.63156,16.49777),(50.63144,16.49786)
[END]

Label=000000
Data0=(50.66662,16.50996),(50.66628,16.51146),(50.66577,16.51288),(50.66555,16.51357),(50.66487,16.51524),(50.66366,16.51597),(50.66302,16.51640),(50.66285,16.51661),(50.66250,16.51700),(50.66221,16.51734),(50.66182,16.51756),(50.66066,16.51760),(50.65937,16.51739),(50.65929,16.51747),(50.65920,16.51790),(50.65856,16.51863),(50.65834,16.51919),(50.65804,16.52001),(50.65783,16.52086),(50.65770,16.52172),(50.65770,16.52301),(50.65770,16.52400),(50.65770,16.52455),(50.65766,16.52524),(50.65770,16.52537),(50.65748,16.52593),(50.65731,16.52618),(50.65714,16.52636),(50.65671,16.52661),(50.65633,16.52674),(50.65616,16.52674),(50.65628,16.52687),(50.65663,16.52764),(50.65671,16.52945),(50.65667,16.53142),(50.65650,16.53202),(50.65633,16.53245),(50.65530,16.53318),(50.65491,16.53378),(50.65444,16.53455),(50.65375,16.53679),(50.65289,16.53751),(50.65216,16.53829),(50.65186,16.53867),(50.65174,16.53893)
[END]

Label=000000
Data0=(50.66662,16.49533),(50.66714,16.49550),(50.66731,16.49606),(50.66731,16.49649),(50.66719,16.49692),(50.66697,16.49735),(50.66697,16.49760),(50.66710,16.49863),(50.66719,16.49880),(50.66731,16.49954),(50.66765,16.50112),(50.66778,16.50168),(50.66783,16.50189),(50.66783,16.50215),(50.66783,16.50258),(50.66787,16.50366),(50.66787,16.50421),(50.66817,16.50469)
[END]

Label=000000
Data0=(50.66817,16.50469),(50.66822,16.50481),(50.66830,16.50520),(50.66787,16.50589),(50.66736,16.50670),(50.66697,16.50816),(50.66680,16.50910),(50.66667,16.50988),(50.66662,16.50996)
[END]

Label=000000
Data0=(50.66101,16.47842),(50.66113,16.47859),(50.66143,16.47872),(50.66165,16.47898),(50.66221,16.47992),(50.66250,16.48082),(50.66268,16.48185),(50.66302,16.48310),(50.66319,16.48426),(50.66319,16.48481),(50.66349,16.48593),(50.66353,16.48692),(50.66371,16.48743),(50.66422,16.48885),(50.66456,16.48928),(50.66491,16.49082),(50.66508,16.49215),(50.66577,16.49421),(50.66607,16.49481),(50.66628,16.49507),(50.66662,16.49533)
[END]

Label=
Data0=(50.67963,16.42924),(50.67980,16.42911),(50.68006,16.42894),(50.67972,16.43061),(50.67955,16.43113),(50.67933,16.43143),(50.67860,16.43198),(50.67795,16.43259),(50.67663,16.43362),(50.67624,16.43426),(50.67589,16.43486),(50.67573,16.43533),(50.67560,16.43598),(50.67551,16.43684),(50.67551,16.43735),(50.67555,16.43821),(50.67543,16.43872),(50.67517,16.43911),(50.67440,16.43992),(50.67401,16.44040),(50.67354,16.44091),(50.67268,16.44207),(50.67246,16.44220),(50.67234,16.44233),(50.67177,16.44289),(50.67139,16.44327),(50.67092,16.44362),(50.67074,16.44383),(50.67019,16.44525),(50.66920,16.44649),(50.66903,16.44709),(50.66886,16.44718),(50.66830,16.44851)
[END]

Label=
Data0=(50.66830,16.44851),(50.66868,16.44885),(50.66890,16.44941),(50.66890,16.44984),(50.66839,16.45177),(50.66839,16.45194),(50.66881,16.45254),(50.66886,16.45280),(50.66839,16.45447),(50.66697,16.45838),(50.66662,16.45898)
[END]

Label=ff0000
Data0=(50.66662,16.50546),(50.66641,16.50550),(50.66607,16.50593),(50.66577,16.50606),(50.66538,16.50614),(50.66508,16.50614),(50.66491,16.50631),(50.66474,16.50675),(50.66422,16.50786),(50.66405,16.50799),(50.66371,16.50799),(50.66319,16.50846),(50.66289,16.50868),(50.66268,16.50910),(50.66255,16.50919),(50.66234,16.50949),(50.66216,16.50962),(50.66195,16.51001),(50.66182,16.51043),(50.66147,16.51108),(50.66113,16.51129),(50.66096,16.51125),(50.66062,16.51129),(50.66045,16.51138),(50.66015,16.51142),(50.65993,16.51155),(50.65980,16.51181),(50.65877,16.51301),(50.65869,16.51331),(50.65851,16.51361),(50.65804,16.51400),(50.65800,16.51417),(50.65787,16.51455),(50.65770,16.51486),(50.65731,16.51524),(50.65714,16.51550),(50.65667,16.51631),(50.65663,16.51666),(50.65680,16.51966),(50.65671,16.52065),(50.65684,16.52125),(50.65671,16.52254),(50.65667,16.52331),(50.65680,16.52391),(50.65684,16.52485),(50.65667,16.52571),(50.65633,16.52636),(50.65620,16.52657),(50.65616,16.52674),(50.65611,16.52683),(50.65551,16.52683),(50.65547,16.52674),(50.65542,16.52661)
[END]

Label=ff0000
Data0=(50.66662,16.47529),(50.66710,16.47606),(50.66736,16.47666),(50.66770,16.47679),(50.66868,16.47739),(50.66967,16.47829),(50.67023,16.47902),(50.67058,16.47966),(50.67092,16.48001),(50.67105,16.48005),(50.67177,16.48005),(50.67212,16.47979),(50.67234,16.47984),(50.67280,16.47949),(50.67315,16.47919),(50.67332,16.47898),(50.67332,16.47885),(50.67337,16.47894),(50.67401,16.47984),(50.67435,16.48005),(50.67452,16.48031),(50.67457,16.48061),(50.67538,16.48112),(50.67611,16.48164),(50.67697,16.48164),(50.67791,16.48275),(50.67830,16.48262),(50.67920,16.48451),(50.67950,16.48481),(50.67967,16.48533),(50.68019,16.48580)
[END]

Label=ff0000
Data0=(50.65542,16.52661),(50.65530,16.52696),(50.65513,16.52721),(50.65375,16.52786),(50.65362,16.52782),(50.65358,16.52799),(50.65345,16.52820),(50.65341,16.52850),(50.65319,16.52889),(50.65302,16.52872),(50.65251,16.52885),(50.65242,16.52902),(50.65221,16.52906),(50.65199,16.52927),(50.65148,16.52915),(50.65101,16.52910),(50.65101,16.52919),(50.65071,16.52923),(50.65036,16.52936),(50.65032,16.52958),(50.65002,16.52970),(50.64968,16.52958),(50.64959,16.52949),(50.64925,16.52889),(50.64912,16.52910),(50.64912,16.52970),(50.64925,16.53009),(50.64895,16.53194),(50.64895,16.53245),(50.64895,16.53249),(50.64899,16.53301),(50.64895,16.53331),(50.64907,16.53361),(50.64912,16.53404),(50.64912,16.53434),(50.64895,16.53545),(50.64882,16.53558),(50.64865,16.53597),(50.64856,16.53674)
[END]

Label=ff0000
Data0=(50.66662,16.50546),(50.66761,16.50481),(50.66817,16.50469),(50.66873,16.50413),(50.67036,16.50348),(50.67173,16.50284),(50.67315,16.50194),(50.67401,16.50001),(50.67573,16.49928)
[END]

Label=ff0000
Data0=(50.67573,16.49928),(50.67573,16.49910),(50.67585,16.49743),(50.67637,16.49516),(50.67637,16.49498),(50.67641,16.49490),(50.67676,16.49357),(50.67727,16.49198),(50.67749,16.49147),(50.67749,16.49130),(50.67761,16.49121),(50.67847,16.48919),(50.67920,16.48795),(50.68019,16.48589),(50.68019,16.48580)
[END]

Label=ff0000
Data0=(50.66662,16.45876),(50.66624,16.45962),(50.66559,16.46031),(50.66513,16.46091),(50.66491,16.46160),(50.66487,16.46181),(50.66491,16.46220),(50.66495,16.46246),(50.66487,16.46250),(50.66456,16.46276),(50.66405,16.46331),(50.66375,16.46361),(50.66349,16.46400),(50.66307,16.46426),(50.66216,16.46576),(50.66212,16.46593),(50.66212,16.46606),(50.66221,16.46662),(50.66234,16.46675),(50.66234,16.46700),(50.66263,16.46838),(50.66272,16.46906),(50.66337,16.47147),(50.66371,16.47211),(50.66474,16.47344),(50.66491,16.47374),(50.66525,16.47387),(50.66547,16.47417),(50.66611,16.47447),(50.66662,16.47529)
[END]

Label=00ff00
Data0=(50.65542,16.52661),(50.65478,16.52670),(50.65427,16.52631),(50.65397,16.52636),(50.65392,16.52614),(50.65410,16.52563),(50.65397,16.52528),(50.65362,16.52511),(50.65251,16.52477),(50.65225,16.52460),(50.65221,16.52382),(50.65238,16.52357),(50.65255,16.52331),(50.65277,16.52318),(50.65277,16.52288),(50.65259,16.52241),(50.65251,16.52224),(50.65199,16.52189),(50.65169,16.52142),(50.65165,16.52121),(50.65083,16.51996),(50.65032,16.51940),(50.64950,16.51915),(50.64856,16.51790),(50.64753,16.51743),(50.64667,16.51683),(50.64607,16.51670),(50.64573,16.51644),(50.64513,16.51563),(50.64448,16.51520),(50.64397,16.51464),(50.64311,16.51434),(50.64264,16.51413),(50.64212,16.51400),(50.64191,16.51383),(50.64139,16.51284),(50.63714,16.50945),(50.63676,16.50928)
[END]

Label=00ff00
Data0=(50.64603,16.49271),(50.64641,16.49292),(50.64719,16.49263),(50.64774,16.49220),(50.64809,16.49177),(50.64826,16.49168),(50.64830,16.49108),(50.64856,16.49082),(50.64860,16.49082),(50.64873,16.49091),(50.64890,16.49125),(50.64899,16.49164),(50.64907,16.49228),(50.64925,16.49263),(50.64929,16.49305),(50.64912,16.49383),(50.64929,16.49481),(50.64916,16.49584),(50.64925,16.49589),(50.64929,16.49554),(50.64946,16.49529),(50.64976,16.49464),(50.65019,16.49387),(50.65032,16.49353),(50.65105,16.49211),(50.65156,16.49091),(50.65208,16.48996),(50.65251,16.48893),(50.65302,16.48825),(50.65354,16.48795),(50.65427,16.48679),(50.65448,16.48627),(50.65457,16.48593),(50.65474,16.48542),(50.65560,16.48460),(50.65650,16.48439),(50.65671,16.48430),(50.65770,16.48353),(50.65800,16.48340),(50.65817,16.48348),(50.65839,16.48370),(50.65860,16.48404),(50.65886,16.48529),(50.65890,16.48537),(50.65890,16.48619),(50.65912,16.48705),(50.65920,16.48786),(50.65929,16.48859),(50.65942,16.48885),(50.65954,16.48962),(50.65976,16.49035),(50.65989,16.49095),(50.65989,16.49275),(50.65998,16.49395),(50.66006,16.49473),(50.66010,16.49511),(50.66028,16.49563),(50.66062,16.49614),(50.66092,16.49627),(50.66169,16.49636),(50.66221,16.49623),(50.66250,16.49627),(50.66285,16.49657),(50.66332,16.49756),(50.66401,16.50018),(50.66435,16.50116),(50.66530,16.50237),(50.66555,16.50254),(50.66662,16.50322)
[END]

Label=00ff00
Data0=(50.66662,16.48142),(50.66607,16.48130),(50.66559,16.48104),(50.66513,16.48095),(50.66440,16.48100),(50.66384,16.48121),(50.66371,16.48121),(50.66366,16.48108),(50.66341,16.48039),(50.66337,16.48018),(50.66307,16.47859),(50.66238,16.47825),(50.66216,16.47821),(50.66165,16.47838),(50.66135,16.47833),(50.66079,16.47799),(50.66028,16.47795)
[END]

Label=
Data0=(50.68912,16.51541),(50.68916,16.51546),(50.68928,16.51580),(50.68950,16.51597),(50.68984,16.51546),(50.69031,16.51507),(50.69087,16.51571),(50.69105,16.51657),(50.69130,16.51863),(50.69216,16.52065),(50.69289,16.52151),(50.69336,16.52224),(50.69353,16.52284),(50.69353,16.52378),(50.69371,16.52443),(50.69427,16.52558),(50.69512,16.52644),(50.69585,16.52713),(50.69667,16.52747),(50.69821,16.52893),(50.69911,16.52927),(50.69989,16.52996),(50.70010,16.53065),(50.70032,16.53133),(50.70117,16.53258),(50.70160,16.53301),(50.70233,16.53344),(50.70302,16.53434),(50.70336,16.53438),(50.70375,16.53387),(50.70388,16.53382),(50.70388,16.53374),(50.70358,16.53326),(50.70370,16.53043),(50.70370,16.53009),(50.70392,16.52966),(50.70426,16.52855),(50.70457,16.52820),(50.70473,16.52794),(50.70508,16.52691),(50.70525,16.52666),(50.70542,16.52649),(50.70560,16.52627),(50.70576,16.52588),(50.70576,16.52567)
[END]

Label=00ff00
Data0=(50.66817,16.50469),(50.66796,16.50447),(50.66783,16.50430),(50.66765,16.50413),(50.66731,16.50361),(50.66697,16.50331),(50.66662,16.50322)
[END]

Label=00ff00
Data0=(50.67105,16.48005),(50.67131,16.48009),(50.67177,16.48009),(50.67212,16.47988),(50.67234,16.47988),(50.67285,16.47953),(50.67332,16.47902),(50.67332,16.47885),(50.67332,16.47898),(50.67367,16.47941),(50.67401,16.47988),(50.67435,16.48009),(50.67452,16.48031),(50.67457,16.48065),(50.67486,16.48087),(50.67538,16.48112),(50.67551,16.48125),(50.67611,16.48168),(50.67697,16.48168),(50.67791,16.48280),(50.67830,16.48267),(50.67916,16.48456),(50.67950,16.48486),(50.67963,16.48537),(50.68006,16.48576),(50.68019,16.48580)
[END]

Label=00ff00
Data0=(50.67105,16.48005),(50.67092,16.48018),(50.67036,16.48091),(50.66989,16.48121),(50.66864,16.48142),(50.66697,16.48147),(50.66662,16.48142)
[END]

Label=
Data0=(50.68950,16.51601),(50.68912,16.51661),(50.68881,16.51683),(50.68843,16.51679),(50.68830,16.51833),(50.68778,16.52005),(50.68770,16.52121),(50.68757,16.52687),(50.68740,16.52743),(50.68740,16.52863),(50.68740,16.53017),(50.68722,16.53091),(50.68710,16.53249),(50.68706,16.53391),(50.68688,16.53460),(50.68619,16.53653),(50.68452,16.54125),(50.68444,16.54142),(50.68431,16.54176),(50.68444,16.54249),(50.68431,16.54279),(50.68392,16.54309),(50.68345,16.54305),(50.68328,16.54314),(50.68315,16.54335),(50.68315,16.54356)
[END]

Label=ffff00
Data0=(50.67573,16.49928),(50.67577,16.49739),(50.67637,16.49498),(50.67671,16.49357),(50.67727,16.49194),(50.67749,16.49130),(50.67843,16.48915),(50.67916,16.48790),(50.68019,16.48580),(50.68023,16.48507),(50.68053,16.48400),(50.68058,16.48327),(50.68058,16.48233),(50.68066,16.48168),(50.68066,16.48108),(50.68070,16.48065),(50.68104,16.47979),(50.68104,16.47958),(50.68100,16.47902),(50.68104,16.47863),(50.68122,16.47778),(50.68135,16.47713),(50.68139,16.47679),(50.68139,16.47623),(50.68135,16.47563),(50.68139,16.47533),(50.68161,16.47460),(50.68169,16.47400),(50.68191,16.47241),(50.68191,16.47190),(50.68195,16.47121),(50.68195,16.47065),(50.68191,16.46967),(50.68173,16.46876),(50.68173,16.46821),(50.68186,16.46692),(50.68203,16.46567),(50.68212,16.46490),(50.68225,16.46400),(50.68229,16.46297),(50.68238,16.46194),(50.68229,16.46125),(50.68242,16.46057),(50.68259,16.45984),(50.68272,16.45881),(50.68281,16.45769),(50.68310,16.45688),(50.68323,16.45666),(50.68358,16.45598),(50.68397,16.45529),(50.68431,16.45473),(50.68452,16.45452)
[END]

Label=ffff00
Data0=(50.66817,16.50469),(50.66796,16.50417),(50.66796,16.50254),(50.66783,16.50189),(50.66787,16.50155),(50.66804,16.50095),(50.66830,16.49983),(50.66822,16.49902),(50.66817,16.49876),(50.66817,16.49859),(50.66813,16.49838),(50.66839,16.49713),(50.66834,16.49687),(50.66817,16.49627),(50.66813,16.49606),(50.66813,16.49503),(50.66817,16.49447),(50.66817,16.49426),(50.66804,16.49353),(50.66800,16.49336),(50.66744,16.49297),(50.66714,16.49271),(50.66697,16.49241),(50.66693,16.49189),(50.66693,16.49134),(50.66714,16.48983),(50.66731,16.48949),(50.66817,16.48803),(50.66834,16.48773),(50.66899,16.48657),(50.66916,16.48610),(50.66920,16.48593),(50.66942,16.48571),(50.66967,16.48537),(50.66976,16.48460),(50.66989,16.48430),(50.67010,16.48404),(50.67040,16.48383),(50.67092,16.48301),(50.67122,16.48228),(50.67131,16.48181),(50.67131,16.48138),(50.67126,16.48082),(50.67109,16.48031),(50.67105,16.48005)
[END]

Label=ff0000
Data0=(50.64856,16.53674),(50.64856,16.53747),(50.64843,16.53790),(50.64843,16.53850),(50.64826,16.53902),(50.64822,16.53966),(50.64822,16.54009),(50.64826,16.54030),(50.64826,16.54086),(50.64856,16.54236),(50.64856,16.54258),(50.64843,16.54279),(50.64813,16.54301),(50.64792,16.54297),(50.64757,16.54301),(50.64736,16.54292),(50.64706,16.54297),(50.64603,16.54292),(50.64586,16.54284),(50.64551,16.54292),(50.64500,16.54288),(50.64427,16.54339),(50.64358,16.54430),(50.64311,16.54511),(50.64311,16.54545),(50.64298,16.54562),(50.64294,16.54597),(50.64264,16.54670),(50.64247,16.54777),(50.64208,16.54786),(50.64174,16.54773),(50.64088,16.54768),(50.64075,16.54756),(50.64006,16.54747),(50.63972,16.54751),(50.63920,16.54739),(50.63757,16.54743),(50.63757,16.54781),(50.63779,16.54854),(50.63792,16.54910),(50.63792,16.54970),(50.63783,16.55009),(50.63792,16.55056),(50.63779,16.55090),(50.63744,16.55133),(50.63744,16.55150),(50.63740,16.55215),(50.63714,16.55245),(50.63680,16.55258),(50.63659,16.55275),(50.63624,16.55327)
[END]

Label=0000ff
Data0=(50.65233,16.58373),(50.65221,16.58352),(50.65221,16.58305),(50.65208,16.58107),(50.65221,16.58000),(50.65255,16.57876),(50.65268,16.57794),(50.65336,16.57605),(50.65371,16.57455),(50.65371,16.57382),(50.65358,16.57326),(50.65427,16.57056),(50.65444,16.57000),(50.65491,16.56841),(50.65513,16.56794),(50.65551,16.56653),(50.65611,16.56519),(50.65680,16.56309),(50.65736,16.56198),(50.65800,16.56039),(50.65839,16.55987),(50.65942,16.55683),(50.65959,16.55605),(50.65954,16.55502),(50.65954,16.55472),(50.65963,16.55455),(50.66010,16.55455),(50.66032,16.55442),(50.66092,16.55361),(50.66113,16.55305),(50.66118,16.55288),(50.66131,16.55146),(50.66147,16.55035),(50.66147,16.54949),(50.66165,16.54915),(50.66182,16.54824),(50.66195,16.54773),(50.66195,16.54704),(50.66212,16.54674),(50.66234,16.54657),(50.66255,16.54631),(50.66285,16.54554),(50.66319,16.54477),(50.66319,16.54438),(50.66302,16.54391),(50.66289,16.54331),(50.66307,16.54271),(50.66337,16.54224),(50.66337,16.54172),(50.66250,16.54047),(50.66229,16.53975),(50.66199,16.53902),(50.66178,16.53837),(50.66160,16.53803),(50.66165,16.53794),(50.66199,16.53782),(50.66238,16.53807),(50.66272,16.53837),(50.66285,16.53837),(50.66302,16.53833),(50.66315,16.53841),(50.66337,16.53867),(50.66388,16.53919),(50.66405,16.53923),(50.66410,16.53915),(50.66440,16.53880),(50.66495,16.53679),(50.66495,16.53614),(50.66487,16.53550),(50.66469,16.53507),(50.66427,16.53464),(50.66337,16.53382),(50.66285,16.53314),(50.66255,16.53267),(50.66234,16.53211),(50.66216,16.53142),(50.66212,16.53116),(50.66212,16.53103),(50.66216,16.53095),(50.66229,16.53091),(50.66285,16.53099),(50.66358,16.53120),(50.66371,16.53120),(50.66388,16.53099),(50.66392,16.53056),(50.66392,16.53009),(50.66401,16.52975),(50.66405,16.52949),(50.66427,16.52919),(50.66452,16.52897),(50.66474,16.52872),(50.66508,16.52842),(50.66525,16.52846),(50.66572,16.52936),(50.66577,16.52936),(50.66594,16.52932),(50.66607,16.52923),(50.66646,16.52773),(50.66662,16.52726)
[END]

Label=0000ff
Data0=(50.69705,16.47464),(50.69684,16.47430),(50.69649,16.47447),(50.69628,16.47477),(50.69611,16.47533),(50.69585,16.47567),(50.69551,16.47653),(50.69530,16.47752),(50.69499,16.47795),(50.69478,16.47821),(50.69405,16.47945),(50.69375,16.47958),(50.69324,16.48031),(50.69225,16.48130),(50.69105,16.48164),(50.69031,16.48194),(50.68950,16.48228),(50.68877,16.48271),(50.68860,16.48301),(50.68825,16.48301),(50.68809,16.48314),(50.68757,16.48396),(50.68735,16.48417),(50.68706,16.48417),(50.68598,16.48383),(50.68564,16.48361),(50.68538,16.48344),(50.68495,16.48340),(50.68448,16.48348),(50.68431,16.48357),(50.68401,16.48344),(50.68345,16.48151),(50.68315,16.48005),(50.68323,16.47936),(50.68310,16.47894),(50.68306,16.47825),(50.68294,16.47795),(50.68289,16.47688),(50.68276,16.47657),(50.68259,16.47623),(50.68225,16.47546),(50.68169,16.47451),(50.68156,16.47451)
[END]

Label=0000ff
Data0=(50.68912,16.51541),(50.68881,16.51524),(50.68847,16.51486),(50.68791,16.51473),(50.68740,16.51425),(50.68688,16.51314),(50.68637,16.51219),(50.68564,16.51194),(50.68516,16.51194),(50.68465,16.51224),(50.68431,16.51228),(50.68401,16.51198),(50.68362,16.51125),(50.68345,16.51035),(50.68315,16.50932),(50.68281,16.50863),(50.68272,16.50872),(50.68259,16.50932),(50.68255,16.51026),(50.68225,16.51125),(50.68173,16.51224),(50.68126,16.51331),(50.68070,16.51447),(50.68019,16.51541),(50.67864,16.51782),(50.67813,16.51876),(50.67761,16.51923),(50.67761,16.51975),(50.67757,16.52018),(50.67714,16.52039),(50.67676,16.51996),(50.67624,16.51996),(50.67555,16.52022),(50.67534,16.52001),(50.67470,16.52022),(50.67422,16.52031),(50.67367,16.52091),(50.67315,16.52112),(50.67246,16.52142),(50.67229,16.52125),(50.67225,16.52108),(50.67229,16.51966),(50.67229,16.51846),(50.67212,16.51777),(50.67195,16.51769),(50.67182,16.51786),(50.67139,16.51850),(50.67113,16.51876),(50.67105,16.51880),(50.67087,16.51876),(50.67045,16.51829),(50.67036,16.51820),(50.67023,16.51820),(50.67010,16.51846),(50.66942,16.52009),(50.66817,16.52292),(50.66701,16.52614),(50.66697,16.52644),(50.66684,16.52691),(50.66662,16.52726)
[END]

Label=0000ff
Data0=(50.63624,16.55327),(50.63624,16.55314),(50.63624,16.55292),(50.63641,16.55258),(50.63654,16.55185),(50.63646,16.55146),(50.63641,16.55121),(50.63620,16.55069),(50.63538,16.54927),(50.63517,16.54863),(50.63491,16.54837),(50.63474,16.54807),(50.63470,16.54773),(50.63448,16.54717),(50.63418,16.54610),(50.63423,16.54567),(50.63470,16.54515),(50.63483,16.54511),(50.63526,16.54430),(50.63543,16.54412),(50.63620,16.54374),(50.63723,16.54348),(50.63762,16.54378),(50.63809,16.54374),(50.63835,16.54361),(50.63847,16.54344),(50.63899,16.54301),(50.63938,16.54241),(50.63955,16.54138),(50.63950,16.54073),(50.63933,16.54018),(50.63920,16.53949),(50.63929,16.53927),(50.63938,16.53919),(50.63985,16.53915),(50.64002,16.53906),(50.64049,16.53902),(50.64118,16.53872),(50.64122,16.53859),(50.64174,16.53829),(50.64195,16.53790),(50.64229,16.53717),(50.64238,16.53670),(50.64255,16.53614),(50.64272,16.53567),(50.64281,16.53550),(50.64311,16.53524),(50.64341,16.53520),(50.64380,16.53494),(50.64444,16.53473),(50.64487,16.53477),(50.64495,16.53473),(50.64504,16.53434),(50.64487,16.53382),(50.64465,16.53284),(50.64453,16.53219),(50.64453,16.53091),(50.64444,16.53022),(50.64435,16.52803),(50.64448,16.52726),(50.64478,16.52674),(50.64504,16.52588),(50.64586,16.52455),(50.64616,16.52378),(50.64620,16.52352),(50.64637,16.52318),(50.64654,16.52224),(50.64689,16.52194),(50.64706,16.52194),(50.64757,16.52211),(50.64813,16.52275),(50.64877,16.52387),(50.64933,16.52447),(50.64963,16.52490),(50.65169,16.52739),(50.65354,16.52773),(50.65362,16.52782),(50.65375,16.52769),(50.65508,16.52704),(50.65542,16.52661),(50.65560,16.52670),(50.65611,16.52670),(50.65616,16.52674),(50.65616,16.52657),(50.65633,16.52631),(50.65654,16.52567),(50.65671,16.52485),(50.65667,16.52395),(50.65663,16.52335),(50.65667,16.52245),(50.65680,16.52125),(50.65667,16.52065),(50.65671,16.51962),(50.65667,16.51795),(50.65654,16.51760),(50.65650,16.51661),(50.65663,16.51627),(50.65706,16.51541),(50.65723,16.51516),(50.65766,16.51481),(50.65774,16.51451),(50.65787,16.51408),(50.65804,16.51391),(50.65843,16.51348),(50.65873,16.51305),(50.65877,16.51301),(50.65877,16.51288),(50.65903,16.51177),(50.65890,16.51065),(50.65890,16.51022),(50.65886,16.50962),(50.65903,16.50910),(50.65907,16.50807),(50.65895,16.50713),(50.65873,16.50572),(50.65873,16.50447),(50.65873,16.50327),(50.65890,16.50280),(50.65907,16.50258),(50.65937,16.50258),(50.66010,16.50318),(50.66045,16.50344),(50.66126,16.50425),(50.66199,16.50533),(50.66229,16.50541),(50.66268,16.50528),(50.66307,16.50511),(50.66349,16.50511),(50.66388,16.50528),(50.66418,16.50563),(50.66456,16.50593),(50.66504,16.50610),(50.66508,16.50614),(50.66538,16.50601),(50.66572,16.50597),(50.66594,16.50580),(50.66633,16.50537),(50.66662,16.50537)
[END]

Label=0000ff
Data0=(50.66662,16.47039),(50.66680,16.47078),(50.66719,16.47134),(50.66749,16.47151),(50.66765,16.47168),(50.66834,16.47211),(50.67139,16.47344),(50.67182,16.47370),(50.67229,16.47409),(50.67268,16.47464),(50.67354,16.47644),(50.67383,16.47688),(50.67388,16.47705),(50.67383,16.47709),(50.67383,16.47743),(50.67371,16.47825),(50.67337,16.47868),(50.67332,16.47885),(50.67328,16.47881),(50.67280,16.47941),(50.67246,16.47962),(50.67229,16.47966),(50.67208,16.47966),(50.67177,16.47992),(50.67126,16.47992),(50.67109,16.48001),(50.67105,16.48005),(50.67113,16.48027),(50.67131,16.48082),(50.67143,16.48134),(50.67143,16.48181),(50.67126,16.48233),(50.67096,16.48306),(50.67045,16.48383),(50.67023,16.48409),(50.67002,16.48434),(50.66989,16.48460),(50.66971,16.48542),(50.66950,16.48576),(50.66933,16.48593),(50.66920,16.48610),(50.66903,16.48662),(50.66839,16.48773),(50.66830,16.48808),(50.66744,16.48954),(50.66727,16.48988),(50.66697,16.49134),(50.66697,16.49185),(50.66710,16.49237),(50.66727,16.49263),(50.66749,16.49288),(50.66796,16.49318),(50.66817,16.49348),(50.66830,16.49426),(50.66830,16.49451),(50.66817,16.49507),(50.66817,16.49601),(50.66830,16.49623),(50.66847,16.49683),(50.66847,16.49713),(50.66839,16.49752),(50.66817,16.49859),(50.66804,16.49855),(50.66753,16.49876),(50.66731,16.49880),(50.66719,16.49880),(50.66731,16.49958),(50.66778,16.50177),(50.66783,16.50189),(50.66783,16.50215),(50.66783,16.50421),(50.66817,16.50469),(50.66761,16.50469),(50.66662,16.50537)
[END]

Label=0000ff
Data0=(50.66212,16.46593),(50.66216,16.46602),(50.66234,16.46653),(50.66234,16.46675),(50.66246,16.46679),(50.66268,16.46705),(50.66341,16.46743),(50.66469,16.46786),(50.66530,16.46876),(50.66577,16.46932),(50.66650,16.47009),(50.66662,16.47039)
[END]

Label=ff0000
Data0=(50.66662,16.47516),(50.66714,16.47597),(50.66736,16.47657),(50.66778,16.47670),(50.66868,16.47730),(50.66971,16.47816),(50.67023,16.47889),(50.67058,16.47958),(50.67092,16.47992),(50.67105,16.48005),(50.67126,16.47997),(50.67177,16.47992),(50.67208,16.47971),(50.67234,16.47971),(50.67246,16.47962),(50.67280,16.47945),(50.67332,16.47885),(50.67345,16.47885),(50.67371,16.47932),(50.67405,16.47975),(50.67440,16.47992),(50.67457,16.48022),(50.67470,16.48052),(50.67486,16.48069),(50.67521,16.48087),(50.67538,16.48112),(50.67521,16.48181),(50.67504,16.48237),(50.67474,16.48310),(50.67383,16.48481),(50.67345,16.48546),(50.67298,16.48632),(50.67268,16.48679),(50.67182,16.48743),(50.67161,16.48769),(50.67074,16.48936),(50.67062,16.48971),(50.67036,16.49078),(50.67040,16.49125),(50.67058,16.49241),(50.67045,16.49301),(50.67010,16.49477),(50.67010,16.49516),(50.67006,16.49567),(50.66993,16.49653),(50.66971,16.49730),(50.66920,16.49816),(50.66890,16.49846),(50.66830,16.49868),(50.66817,16.49859),(50.66834,16.49902),(50.66834,16.49983),(50.66817,16.50095),(50.66800,16.50164),(50.66783,16.50189),(50.66796,16.50224),(50.66800,16.50258),(50.66800,16.50413),(50.66817,16.50447),(50.66817,16.50469)
[END]

Label=ff0000
Data0=(50.67852,16.47610),(50.67864,16.47644),(50.67898,16.47666),(50.67929,16.47679),(50.67963,16.47679),(50.67997,16.47662),(50.68036,16.47627),(50.68049,16.47619),(50.68070,16.47644),(50.68088,16.47679),(50.68104,16.47700),(50.68122,16.47718),(50.68135,16.47713),(50.68122,16.47726),(50.68122,16.47778),(50.68100,16.47863),(50.68100,16.47902),(50.68104,16.47975),(50.68070,16.48065),(50.68058,16.48108),(50.68066,16.48172),(50.68053,16.48233),(50.68053,16.48327),(50.68053,16.48400),(50.68023,16.48507),(50.68019,16.48567),(50.68019,16.48580),(50.68006,16.48584),(50.67916,16.48786),(50.67834,16.48911),(50.67761,16.49082),(50.67749,16.49130),(50.67740,16.49134),(50.67646,16.49117),(50.67628,16.49310),(50.67628,16.49447),(50.67637,16.49498),(50.67628,16.49507),(50.67573,16.49739),(50.67568,16.49915),(50.67573,16.49928),(50.67560,16.49923),(50.67401,16.49996),(50.67315,16.50194),(50.67165,16.50280),(50.67028,16.50344),(50.66868,16.50404),(50.66822,16.50451),(50.66817,16.50469)
[END]

Label=ff0000
Data0=(50.67852,16.47610),(50.67834,16.47597),(50.67779,16.47512),(50.67766,16.47499),(50.67723,16.47490),(50.67692,16.47490),(50.67641,16.47524),(50.67589,16.47576),(50.67560,16.47593),(50.67517,16.47657),(50.67499,16.47675),(50.67422,16.47688),(50.67401,16.47696),(50.67388,16.47705),(50.67354,16.47649),(50.67328,16.47585),(50.67264,16.47469),(50.67229,16.47413),(50.67182,16.47374),(50.67139,16.47348),(50.67109,16.47340),(50.66834,16.47215),(50.66765,16.47173),(50.66749,16.47155),(50.66719,16.47138),(50.66680,16.47078),(50.66662,16.47044)
[END]

Label=ff0000
Data0=(50.66212,16.46593),(50.66234,16.46658),(50.66234,16.46675),(50.66238,16.46696),(50.66268,16.46833),(50.66285,16.46902),(50.66341,16.47138),(50.66371,16.47198),(50.66478,16.47331),(50.66495,16.47366),(50.66530,16.47374),(50.66555,16.47404),(50.66611,16.47434),(50.66662,16.47516)
[END]

Label=ff0000
Data0=(50.66234,16.46675),(50.66250,16.46688),(50.66268,16.46709),(50.66337,16.46748),(50.66461,16.46795),(50.66572,16.46936),(50.66650,16.47014),(50.66662,16.47044)
[END]

Label=00ff00
Data0=(50.65616,16.52674),(50.65616,16.52687),(50.65650,16.52769),(50.65667,16.52945),(50.65667,16.53052),(50.65654,16.53138),(50.65645,16.53198),(50.65628,16.53236),(50.65530,16.53309),(50.65478,16.53370),(50.65439,16.53451),(50.65362,16.53674),(50.65285,16.53743),(50.65182,16.53859),(50.65174,16.53880),(50.65174,16.53893),(50.65174,16.53915),(50.65186,16.53983),(50.65259,16.54219),(50.65272,16.54262),(50.65277,16.54438),(50.65289,16.54477),(50.65324,16.54567),(50.65341,16.54734),(50.65341,16.54768),(50.65319,16.54820),(50.65294,16.54846),(50.65285,16.54850),(50.65255,16.54829),(50.65242,16.54812),(50.65216,16.54799),(50.65156,16.54790),(50.65135,16.54790),(50.65096,16.54803),(50.65049,16.54824),(50.64993,16.54876),(50.64976,16.54893),(50.64963,16.54910),(50.64946,16.54915),(50.64929,16.54906),(50.64912,16.54893),(50.64813,16.54867),(50.64770,16.54850),(50.64744,16.54833),(50.64736,16.54786),(50.64723,16.54756),(50.64671,16.54747),(50.64637,16.54734),(50.64607,16.54751),(50.64586,16.54799),(50.64556,16.54863),(50.64530,16.54953),(50.64495,16.55039),(50.64444,16.55236),(50.64427,16.55335),(50.64397,16.55404),(50.64367,16.55447),(50.64345,16.55455),(50.64311,16.55442),(50.64255,16.55434),(50.64195,16.55438),(50.64156,16.55447),(50.64036,16.55524),(50.63980,16.55575),(50.63933,16.55610),(50.63912,16.55614),(50.63877,16.55588),(50.63865,16.55511),(50.63860,16.55408),(50.63843,16.55356),(50.63813,16.55344),(50.63796,16.55344),(50.63757,16.55361),(50.63676,16.55369),(50.63646,16.55361),(50.63637,16.55335),(50.63624,16.55327)
[END]

Label=00ff00
Data0=(50.66212,16.46593),(50.66216,16.46602),(50.66234,16.46653),(50.66234,16.46675),(50.66250,16.46683),(50.66268,16.46705),(50.66341,16.46748),(50.66469,16.46791),(50.66525,16.46881),(50.66650,16.47014),(50.66662,16.47044)
[END]

Label=00ff00
Data0=(50.65972,16.43752),(50.65959,16.43795),(50.65959,16.43829),(50.65976,16.43885),(50.65976,16.43902),(50.65993,16.43902),(50.66032,16.43950),(50.66066,16.44001),(50.66165,16.44095),(50.66246,16.44169),(50.66285,16.44186),(50.66319,16.44190),(50.66366,16.44224),(50.66384,16.44250),(50.66427,16.44301),(50.66478,16.44340),(50.66508,16.44370),(50.66543,16.44460),(50.66559,16.44482),(50.66616,16.44529),(50.66641,16.44550),(50.66650,16.44585),(50.66662,16.44606)
[END]

Label=00ff00
Data0=(50.68452,16.45452),(50.68448,16.45452),(50.68431,16.45469),(50.68397,16.45520),(50.68397,16.45529),(50.68379,16.45525),(50.68306,16.45567),(50.68272,16.45602),(50.68092,16.45799),(50.68001,16.45894),(50.67955,16.45962),(50.67898,16.46082),(50.67860,16.46220),(50.67843,16.46349),(50.67843,16.46439),(50.67830,16.46567),(50.67847,16.46670),(50.67869,16.46765),(50.67898,16.46842),(50.67920,16.46979),(50.67946,16.47160),(50.67946,16.47331),(50.67933,16.47434),(50.67916,16.47533),(50.67882,16.47580),(50.67852,16.47610),(50.67847,16.47602),(50.67834,16.47593),(50.67779,16.47503),(50.67766,16.47494),(50.67749,16.47490),(50.67723,16.47486),(50.67692,16.47486),(50.67641,16.47520),(50.67560,16.47589),(50.67508,16.47657),(50.67499,16.47666),(50.67422,16.47683),(50.67401,16.47692),(50.67388,16.47705),(50.67383,16.47688),(50.67354,16.47644),(50.67328,16.47585),(50.67315,16.47554),(50.67264,16.47464),(50.67229,16.47413),(50.67182,16.47374),(50.67139,16.47344),(50.67109,16.47336),(50.66834,16.47211),(50.66765,16.47168),(50.66749,16.47151),(50.66719,16.47134),(50.66680,16.47078),(50.66662,16.47044)
[END]

Label=000000
Data0=(50.65174,16.53893),(50.65191,16.53936),(50.65259,16.54078),(50.65324,16.54185),(50.65375,16.54361),(50.65478,16.54490),(50.65495,16.54541),(50.65547,16.54623),(50.65598,16.54670),(50.65628,16.54678),(50.65663,16.54678),(50.65697,16.54709),(50.65714,16.54704),(50.65731,16.54687),(50.65856,16.54451),(50.65907,16.54344),(50.65959,16.54301),(50.65993,16.54301),(50.66028,16.54327),(50.66045,16.54434),(50.66101,16.54515),(50.66101,16.54550),(50.66062,16.54674),(50.66079,16.54739),(50.66113,16.54837),(50.66113,16.54880),(50.66092,16.54932),(50.66113,16.55013),(50.66131,16.55168),(50.66118,16.55288),(50.66118,16.55318),(50.66096,16.55369),(50.66040,16.55455),(50.66010,16.55468),(50.65972,16.55464),(50.65959,16.55477),(50.65963,16.55610),(50.65954,16.55691),(50.65843,16.55996),(50.65804,16.56052),(50.65684,16.56318),(50.65616,16.56524),(50.65564,16.56657),(50.65525,16.56803),(50.65495,16.56850),(50.65457,16.57004),(50.65431,16.57060),(50.65392,16.57228),(50.65371,16.57326),(50.65375,16.57382),(50.65375,16.57459),(50.65341,16.57614),(50.65272,16.57798),(50.65268,16.57884),(50.65233,16.58000),(50.65221,16.58112),(50.65233,16.58373),(50.65238,16.58386),(50.65242,16.58464),(50.65289,16.58579),(50.65358,16.58708),(50.65513,16.58936),(50.65564,16.59030),(50.65753,16.59279),(50.65834,16.59365),(50.65993,16.59464),(50.66079,16.59506),(50.66165,16.59575),(50.66169,16.59584),(50.66178,16.59609),(50.66255,16.59738),(50.66353,16.59850),(50.66478,16.59987),(50.66564,16.60107),(50.66564,16.60124),(50.66469,16.60197),(50.66147,16.60365),(50.66045,16.60412),(50.65946,16.60433),(50.65547,16.60433),(50.65495,16.60442),(50.65414,16.60489),(50.65358,16.60532),(50.65302,16.60592),(50.65122,16.60910),(50.65088,16.60957),(50.65066,16.60970),(50.64890,16.61030),(50.64792,16.61081),(50.64637,16.61184),(50.64573,16.61184),(50.64495,16.61210),(50.64448,16.61227),(50.64397,16.61227),(50.64397,16.61262),(50.64401,16.61296),(50.64397,16.61330),(50.64345,16.61352)
[END]