--------------------------------------------------------------------------
--------------------------------------------------------------------------
N =  40
--------------------------------------------------------------------------
czas: 
0 41
1 79
2 28
3 15
4 34
5 29
6 108
7 53
8 127
9 63
10 98
11 55
12 34
13 45
14 38
15 107
16 102
17 115
18 35
19 97
20 130
21 142
22 111
23 37
24 138
25 37
26 71
27 19
28 37
29 22
30 66
31 44
32 27
33 31
34 39
35 71
36 88
37 123
38 77
39 39
40 102
41 147
42 128
43 118
44 123
45 48
46 72
47 102
48 71
49 93
50 19
51 25
52 46
53 60
54 77
55 91
56 69
57 148
58 61
59 62
60 124
61 68
62 77
63 98
64 114
65 56
66 64
67 139
68 31
69 120
70 81
71 129
72 166
73 40
74 95
75 35
76 28
77 24
78 41
79 25
80 55
81 148
82 32
83 113
84 106
85 135
86 67
87 79
88 155
89 65
90 138
91 94
92 121
93 120
94 77
95 85
96 128
97 91
98 88
99 140
100 21
101 40
102 35
103 24
104 18
105 37
106 45
107 97
108 25
109 37
110 153
111 55
112 63
113 137
114 88
115 135
116 84
117 147
118 148
119 97
120 140
121 95
122 154
123 89
124 74
kryt: 
0 8250
1 9247
2 3482
3 3246
4 5550
5 24453
6 13618
7 16733
8 44058
9 1134
10 17774
11 31844
12 13051
13 29544
14 38960
15 52860
16 68290
17 84211
18 130434
19 127839
20 120524
21 96517
22 140588
23 222234
24 175594
25 0
26 1061
27 0
28 0
29 1368
30 19962
31 7824
32 24228
33 2269
34 2249
35 30839
36 11678
37 37266
38 36000
39 17183
40 75150
41 84847
42 110729
43 82146
44 72584
45 69150
46 138707
47 86954
48 115072
49 116938
50 2601
51 280
52 25
53 1694
54 270
55 9278
56 15119
57 24121
58 14589
59 0
60 11668
61 27225
62 30463
63 32866
64 26203
65 55681
66 53234
67 107176
68 89413
69 64895
70 52153
71 138828
72 87224
73 80194
74 132073
75 0
76 0
77 0
78 0
79 0
80 315
81 5482
82 7
83 3411
84 6574
85 14002
86 25293
87 28691
88 27216
89 29560
90 70910
91 32586
92 45668
93 66089
94 31296
95 112949
96 107849
97 143968
98 149797
99 149097
100 0
101 0
102 1801
103 0
104 0
105 923
106 5548
107 3169
108 593
109 1798
110 41057
111 16449
112 26728
113 44520
114 3894
115 30198
116 69616
117 33554
118 49936
119 52401
120 90033
121 100771
122 55665
123 85428
124 82713
opoz: 
0 9
1 8
2 4
3 3
4 4
5 11
6 8
7 8
8 13
9 3
10 11
11 14
12 11
13 14
14 14
15 21
16 24
17 25
18 27
19 23
20 35
21 37
22 39
23 38
24 37
25 0
26 4
27 0
28 0
29 2
30 9
31 8
32 13
33 4
34 3
35 18
36 8
37 16
38 12
39 12
40 22
41 28
42 28
43 24
44 23
45 37
46 35
47 33
48 37
49 40
50 4
51 2
52 1
53 3
54 2
55 11
56 12
57 13
58 13
59 0
60 11
61 16
62 12
63 16
64 9
65 22
66 23
67 31
68 25
69 27
70 36
71 30
72 30
73 30
74 37
75 0
76 0
77 0
78 0
79 0
80 3
81 9
82 1
83 8
84 8
85 10
86 17
87 17
88 20
89 14
90 30
91 21
92 27
93 24
94 21
95 37
96 36
97 33
98 35
99 32
100 0
101 0
102 5
103 0
104 0
105 3
106 6
107 7
108 6
109 7
110 25
111 17
112 18
113 22
114 12
115 25
116 26
117 26
118 27
119 28
120 33
121 32
122 32
123 32
124 30
--------------------------------------------------------------------------
Czas œredni: 79.552
Kryterium œredne: 44232.5
Opoznione œredne: 16.76
--------------------------------------------------------------------------
--------------------------------------------------------------------------
N =  50
--------------------------------------------------------------------------
czas: 
0 98
1 25
2 47
3 90
4 53
5 119
6 43
7 100
8 58
9 73
10 86
11 194
12 148
13 210
14 70
15 58
16 130
17 146
18 127
19 71
20 180
21 203
22 140
23 209
24 60
25 45
26 52
27 36
28 53
29 52
30 174
31 70
32 54
33 61
34 34
35 77
36 228
37 193
38 119
39 106
40 102
41 196
42 144
43 243
44 237
45 209
46 99
47 147
48 200
49 232
50 26
51 54
52 43
53 42
54 34
55 30
56 82
57 85
58 87
59 166
60 174
61 93
62 187
63 108
64 161
65 161
66 229
67 194
68 196
69 231
70 186
71 217
72 185
73 168
74 173
75 142
76 48
77 55
78 50
79 66
80 200
81 182
82 220
83 44
84 95
85 95
86 142
87 156
88 154
89 196
90 47
91 127
92 109
93 184
94 204
95 178
96 208
97 251
98 188
99 168
100 41
101 94
102 37
103 54
104 25
105 68
106 177
107 78
108 61
109 82
110 177
111 173
112 135
113 132
114 169
115 211
116 255
117 161
118 213
119 192
120 270
121 103
122 181
123 236
124 184
kryt: 
0 10957
1 1838
2 0
3 4034
4 14499
5 64958
6 52495
7 27672
8 14791
9 33597
10 45527
11 82275
12 73164
13 93615
14 55598
15 102041
16 152247
17 107974
18 158492
19 116202
20 274175
21 160535
22 250604
23 190878
24 275025
25 2934
26 0
27 352
28 2420
29 0
30 33488
31 7592
32 23369
33 37179
34 1933
35 53365
36 78124
37 69949
38 89347
39 48460
40 144479
41 125639
42 137759
43 125146
44 59579
45 318960
46 164152
47 222660
48 166412
49 320961
50 10
51 765
52 0
53 0
54 0
55 95
56 11755
57 9285
58 44973
59 2802
60 23749
61 10959
62 1079
63 25415
64 62131
65 55183
66 91524
67 145286
68 96142
69 64645
70 209905
71 98352
72 76442
73 133317
74 187181
75 2171
76 0
77 0
78 0
79 0
80 7529
81 25305
82 13407
83 1304
84 12524
85 62636
86 36010
87 22213
88 20839
89 51932
90 129326
91 103982
92 52853
93 86230
94 73396
95 156213
96 114826
97 161630
98 187907
99 105404
100 148
101 160
102 0
103 0
104 0
105 0
106 134
107 221
108 2724
109 4627
110 29481
111 38362
112 27214
113 10785
114 13652
115 43289
116 60722
117 55427
118 132896
119 114545
120 67900
121 133209
122 67061
123 144360
124 78905
opoz: 
0 6
1 2
2 0
3 3
4 12
5 18
6 17
7 12
8 8
9 15
10 16
11 20
12 21
13 19
14 18
15 24
16 30
17 28
18 32
19 33
20 50
21 49
22 45
23 47
24 46
25 6
26 0
27 1
28 6
29 0
30 15
31 8
32 10
33 15
34 4
35 16
36 22
37 18
38 24
39 18
40 32
41 38
42 35
43 35
44 25
45 48
46 44
47 38
48 42
49 47
50 1
51 2
52 0
53 0
54 0
55 1
56 12
57 9
58 17
59 6
60 17
61 12
62 3
63 18
64 23
65 27
66 31
67 34
68 40
69 34
70 45
71 44
72 39
73 40
74 46
75 4
76 0
77 0
78 0
79 0
80 15
81 15
82 9
83 5
84 10
85 25
86 22
87 17
88 16
89 25
90 38
91 36
92 28
93 32
94 31
95 43
96 44
97 41
98 44
99 39
100 1
101 2
102 0
103 0
104 0
105 0
106 3
107 3
108 6
109 8
110 21
111 20
112 28
113 11
114 24
115 30
116 38
117 31
118 43
119 40
120 38
121 45
122 35
123 43
124 39
--------------------------------------------------------------------------
Czas œredni: 129.848
Kryterium œredne: 67215.2
Opoznione œredne: 21.336
--------------------------------------------------------------------------
--------------------------------------------------------------------------
N =  100
--------------------------------------------------------------------------
czas: 
0 246
1 509
2 263
3 206
4 421
5 729
6 513
7 557
8 458
9 408
10 740
11 802
12 674
13 683
14 583
15 1062
16 1171
17 883
18 1080
19 1028
20 1162
21 1591
22 1573
23 1166
24 972
25 228
26 326
27 307
28 632
29 503
30 630
31 904
32 1004
33 431
34 204
35 979
36 834
37 300
38 839
39 680
40 995
41 852
42 861
43 763
44 949
45 703
46 1160
47 1292
48 1392
49 1023
50 260
51 134
52 481
53 215
54 190
55 621
56 475
57 875
58 898
59 367
60 829
61 860
62 777
63 526
64 964
65 1271
66 1266
67 1363
68 1150
69 942
70 1211
71 1052
72 1349
73 1047
74 1009
75 141
76 181
77 391
78 222
79 147
80 811
81 592
82 231
83 418
84 751
85 774
86 1219
87 1103
88 778
89 765
90 1030
91 1027
92 1342
93 1160
94 1133
95 1306
96 1106
97 1399
98 1459
99 1128
100 290
101 134
102 141
103 233
104 187
105 624
106 273
107 666
108 924
109 852
110 1119
111 748
112 724
113 1096
114 1233
115 1139
116 1182
117 1197
118 1195
119 921
120 1009
121 859
122 1177
123 764
124 1015
kryt: 
0 4956
1 4281
2 23
3 2632
4 6220
5 26563
6 44152
7 28276
8 25753
9 67060
10 96601
11 198705
12 87585
13 108888
14 83189
15 221296
16 208099
17 535514
18 347538
19 231472
20 722703
21 431267
22 446687
23 573196
24 565662
25 0
26 1570
27 0
28 3330
29 3861
30 7481
31 13014
32 27260
33 5426
34 1989
35 61133
36 126038
37 36804
38 150035
39 63353
40 310423
41 264854
42 260306
43 243388
44 224718
45 667741
46 427022
47 646774
48 513671
49 476138
50 85
51 0
52 0
53 0
54 1376
55 11946
56 2818
57 5045
58 3062
59 15868
60 101345
61 45537
62 49228
63 76970
64 35008
65 154452
66 262055
67 294217
68 245348
69 93901
70 432564
71 465716
72 446569
73 489504
74 468203
75 1055
76 61
77 0
78 0
79 813
80 13490
81 209
82 3465
83 1946
84 12406
85 62576
86 71565
87 89251
88 44974
89 85834
90 153223
91 200320
92 112176
93 167157
94 189550
95 275080
96 521760
97 493214
98 398279
99 314072
100 0
101 84
102 39
103 0
104 0
105 0
106 29450
107 59
108 6903
109 8128
110 76811
111 59775
112 33911
113 82905
114 38355
115 202501
116 121177
117 168858
118 182108
119 133174
120 300976
121 415570
122 241778
123 351760
124 542727
opoz: 
0 10
1 8
2 1
3 8
4 11
5 20
6 23
7 20
8 22
9 28
10 30
11 38
12 32
13 36
14 30
15 47
16 56
17 61
18 56
19 42
20 98
21 93
22 94
23 94
24 96
25 0
26 8
27 0
28 8
29 9
30 14
31 17
32 16
33 12
34 8
35 31
36 33
37 23
38 30
39 25
40 61
41 56
42 55
43 52
44 55
45 91
46 93
47 92
48 89
49 87
50 2
51 0
52 0
53 0
54 7
55 13
56 8
57 8
58 6
59 18
60 30
61 23
62 20
63 29
64 26
65 62
66 63
67 63
68 55
69 39
70 88
71 92
72 93
73 89
74 87
75 5
76 1
77 0
78 0
79 3
80 6
81 2
82 4
83 5
84 14
85 26
86 31
87 36
88 22
89 30
90 49
91 58
92 56
93 52
94 54
95 84
96 85
97 91
98 85
99 74
100 0
101 1
102 1
103 0
104 0
105 0
106 12
107 1
108 6
109 8
110 38
111 34
112 16
113 32
114 25
115 66
116 51
117 61
118 55
119 47
120 73
121 85
122 70
123 75
124 82
--------------------------------------------------------------------------
Czas œredni: 789.752
Kryterium œredne: 156120
Opoznione œredne: 37.216
