ilosc 	 alpha 	 beta 	 pj_max 	 inst 	 time 	 wynik 	 regeneracja
 10 	 0.2 	 0.02 	 10 	 0	0.016	882.359	8
 10 	 0.2 	 0.02 	 10 	 1	0.016	918.049	8
 10 	 0.2 	 0.02 	 10 	 2	0.015	897.169	1
 10 	 0.2 	 0.02 	 10 	 3	0.016	1224.78	11
 10 	 0.2 	 0.02 	 10 	 4	0.016	693.478	4
 10 	 0.2 	 0.02 	 10 	 5	0.015	1128.76	9
 10 	 0.2 	 0.02 	 10 	 6	0.016	1443.06	10
 10 	 0.2 	 0.02 	 10 	 7	0.015	1179.26	12
 10 	 0.2 	 0.02 	 10 	 8	0.016	652.632	9
 10 	 0.2 	 0.02 	 10 	 9	0.016	1359.81	10
 10 	 0.2 	 0.02 	 10 	 10	0.015	812.828	11
 10 	 0.2 	 0.02 	 10 	 11	0.016	1548.01	5
 10 	 0.2 	 0.02 	 10 	 12	0	908.829	4
 10 	 0.2 	 0.02 	 10 	 13	0.015	1051.18	9
 10 	 0.2 	 0.02 	 10 	 14	0.016	941.893	6
 10 	 0.2 	 0.02 	 10 	 15	0.015	726.757	3
 10 	 0.2 	 0.02 	 10 	 16	0	453.401	6
 10 	 0.2 	 0.02 	 10 	 17	0.016	274.458	0
 10 	 0.2 	 0.02 	 10 	 18	0	620.541	3
 10 	 0.2 	 0.02 	 10 	 19	0.016	1138.4	10
 10 	 0.2 	 0.02 	 10 	 20	0.015	892.676	11
 10 	 0.2 	 0.02 	 10 	 21	0.016	1041.81	9
 10 	 0.2 	 0.02 	 10 	 22	0.016	657.976	8
 10 	 0.2 	 0.02 	 10 	 23	0.015	1247.93	9
 10 	 0.2 	 0.02 	 10 	 24	0.016	644.502	5
 10 	 0.2 	 0.02 	 10 	 25	0.015	1017.76	11
 10 	 0.2 	 0.02 	 10 	 26	0.016	377.599	4
 10 	 0.2 	 0.02 	 10 	 27	0.016	1139.04	7
 10 	 0.2 	 0.02 	 10 	 28	0	931.919	6
 10 	 0.2 	 0.02 	 10 	 29	0.015	291.646	5
 10 	 0.2 	 0.02 	 10 	 30	0.016	1130.75	9
 10 	 0.2 	 0.02 	 10 	 31	0.016	546.957	9
 10 	 0.2 	 0.02 	 10 	 32	0.015	588.538	6
 10 	 0.2 	 0.02 	 10 	 33	0.016	1075.67	7
 10 	 0.2 	 0.02 	 10 	 34	0	759.164	3
 10 	 0.2 	 0.02 	 10 	 35	0.015	817.425	8
 10 	 0.2 	 0.02 	 10 	 36	0.016	339.595	5
 10 	 0.2 	 0.02 	 10 	 37	0.016	890.548	7
 10 	 0.2 	 0.02 	 10 	 38	0.015	1569.84	15
 10 	 0.2 	 0.02 	 10 	 39	0.016	1036.69	9
 10 	 0.2 	 0.02 	 10 	 40	0.016	1156.25	9
 10 	 0.2 	 0.02 	 10 	 41	0	626.079	6
 10 	 0.2 	 0.02 	 10 	 42	0.015	1244.35	11
 10 	 0.2 	 0.02 	 10 	 43	0	837.288	0
 10 	 0.2 	 0.02 	 10 	 44	0	1057.37	8
 10 	 0.2 	 0.02 	 10 	 45	0	1023.76	3
 10 	 0.2 	 0.02 	 10 	 46	0	691.832	3
 10 	 0.2 	 0.02 	 10 	 47	0	1212.92	8
 10 	 0.2 	 0.02 	 10 	 48	0.016	1198.34	9
 10 	 0.2 	 0.02 	 10 	 49	0	920.583	6

-----------------------
 10 	 0.2 	 0.02 	 20 	 0	0.032	2046.32	17
 10 	 0.2 	 0.02 	 20 	 1	0	1524.88	6
 10 	 0.2 	 0.02 	 20 	 2	0.063	1891.02	17
 10 	 0.2 	 0.02 	 20 	 3	0.031	1265.81	12
 10 	 0.2 	 0.02 	 20 	 4	0.047	1593.8	11
 10 	 0.2 	 0.02 	 20 	 5	0.109	3205.89	18
 10 	 0.2 	 0.02 	 20 	 6	0.031	1415.82	16
 10 	 0.2 	 0.02 	 20 	 7	0.094	3308.69	22
 10 	 0.2 	 0.02 	 20 	 8	0.063	2562.9	20
 10 	 0.2 	 0.02 	 20 	 9	0.015	759.373	9
 10 	 0.2 	 0.02 	 20 	 10	0.032	1906.09	17
 10 	 0.2 	 0.02 	 20 	 11	0.062	2177.27	14
 10 	 0.2 	 0.02 	 20 	 12	0.015	738.038	8
 10 	 0.2 	 0.02 	 20 	 13	0.032	2545.8	8
 10 	 0.2 	 0.02 	 20 	 14	0.031	1234.25	13
 10 	 0.2 	 0.02 	 20 	 15	0.016	2158.56	15
 10 	 0.2 	 0.02 	 20 	 16	0.031	1913.42	19
 10 	 0.2 	 0.02 	 20 	 17	0.046	1820.31	21
 10 	 0.2 	 0.02 	 20 	 18	0.031	1572.87	17
 10 	 0.2 	 0.02 	 20 	 19	0.016	1685.82	12
 10 	 0.2 	 0.02 	 20 	 20	0.047	2084.04	17
 10 	 0.2 	 0.02 	 20 	 21	0.031	1596.11	13
 10 	 0.2 	 0.02 	 20 	 22	0.047	1251.42	15
 10 	 0.2 	 0.02 	 20 	 23	0.047	1834.43	13
 10 	 0.2 	 0.02 	 20 	 24	0.031	1334.59	15
 10 	 0.2 	 0.02 	 20 	 25	0.047	1519.73	15
 10 	 0.2 	 0.02 	 20 	 26	0.031	1822	17
 10 	 0.2 	 0.02 	 20 	 27	0.031	1629.22	9
 10 	 0.2 	 0.02 	 20 	 28	0.047	1673.48	19
 10 	 0.2 	 0.02 	 20 	 29	0.047	1596.9	18
 10 	 0.2 	 0.02 	 20 	 30	0.016	1963.22	13
 10 	 0.2 	 0.02 	 20 	 31	0.031	1775.23	3
 10 	 0.2 	 0.02 	 20 	 32	0.016	1719.31	13
 10 	 0.2 	 0.02 	 20 	 33	0.032	1556.78	18
 10 	 0.2 	 0.02 	 20 	 34	0.062	1962.52	19
 10 	 0.2 	 0.02 	 20 	 35	0.016	1216.52	11
 10 	 0.2 	 0.02 	 20 	 36	0.016	1689.77	13
 10 	 0.2 	 0.02 	 20 	 37	0.031	1532.2	14
 10 	 0.2 	 0.02 	 20 	 38	0.016	709.316	11
 10 	 0.2 	 0.02 	 20 	 39	0.031	2100.95	16
 10 	 0.2 	 0.02 	 20 	 40	0.031	2101.05	13
 10 	 0.2 	 0.02 	 20 	 41	0.016	1248.68	13
 10 	 0.2 	 0.02 	 20 	 42	0.078	2545.67	10
 10 	 0.2 	 0.02 	 20 	 43	0.015	1774.79	8
 10 	 0.2 	 0.02 	 20 	 44	0.047	1842.69	15
 10 	 0.2 	 0.02 	 20 	 45	0.031	1023.79	14
 10 	 0.2 	 0.02 	 20 	 46	0.016	1798.55	6
 10 	 0.2 	 0.02 	 20 	 47	0.047	1394.02	17
 10 	 0.2 	 0.02 	 20 	 48	0.031	1282.61	17
 10 	 0.2 	 0.02 	 20 	 49	0.047	2847.03	10

-----------------------
 10 	 0.2 	 0.02 	 30 	 0	0.031	2306.17	12
 10 	 0.2 	 0.02 	 30 	 1	0.547	5145.98	26
 10 	 0.2 	 0.02 	 30 	 2	0.109	2324.36	23
 10 	 0.2 	 0.02 	 30 	 3	0.25	3676.16	16
 10 	 0.2 	 0.02 	 30 	 4	0.063	1993.27	8
 10 	 0.2 	 0.02 	 30 	 5	0.093	3461.76	21
 10 	 0.2 	 0.02 	 30 	 6	0.047	1548.57	15
 10 	 0.2 	 0.02 	 30 	 7	0.157	4188.86	16
 10 	 0.2 	 0.02 	 30 	 8	0.109	2445.36	20
 10 	 0.2 	 0.02 	 30 	 9	0.375	3392.82	34
 10 	 0.2 	 0.02 	 30 	 10	0.328	2835.68	16
 10 	 0.2 	 0.02 	 30 	 11	0.125	1621	8
 10 	 0.2 	 0.02 	 30 	 12	0.234	3287.44	28
 10 	 0.2 	 0.02 	 30 	 13	0.079	2136.05	18
 10 	 0.2 	 0.02 	 30 	 14	0.156	1986.55	24
 10 	 0.2 	 0.02 	 30 	 15	0.094	2411.92	4
 10 	 0.2 	 0.02 	 30 	 16	0.125	2520.24	22
 10 	 0.2 	 0.02 	 30 	 17	0.078	2067.9	19
 10 	 0.2 	 0.02 	 30 	 18	0.25	4935.78	26
 10 	 0.2 	 0.02 	 30 	 19	0.094	2162.28	20

-----------------------

-----------------------
 10 	 0.2 	 0.05 	 10 	 0	0.015	626.355	6
 10 	 0.2 	 0.05 	 10 	 1	0	890.686	5
 10 	 0.2 	 0.05 	 10 	 2	0.016	850.587	5
 10 	 0.2 	 0.05 	 10 	 3	0	1032.98	8
 10 	 0.2 	 0.05 	 10 	 4	0.016	652.709	3
 10 	 0.2 	 0.05 	 10 	 5	0	1196.04	5
 10 	 0.2 	 0.05 	 10 	 6	0.015	611.632	4
 10 	 0.2 	 0.05 	 10 	 7	0	440.788	1
 10 	 0.2 	 0.05 	 10 	 8	0	760.055	8
 10 	 0.2 	 0.05 	 10 	 9	0	1252.4	5
 10 	 0.2 	 0.05 	 10 	 10	0.015	1201.66	9
 10 	 0.2 	 0.05 	 10 	 11	0.016	1139.67	7
 10 	 0.2 	 0.05 	 10 	 12	0	870.389	3
 10 	 0.2 	 0.05 	 10 	 13	0.016	398.858	5
 10 	 0.2 	 0.05 	 10 	 14	0	835.194	7
 10 	 0.2 	 0.05 	 10 	 15	0	1173.37	4
 10 	 0.2 	 0.05 	 10 	 16	0	1164.06	9
 10 	 0.2 	 0.05 	 10 	 17	0.016	1215.87	6
 10 	 0.2 	 0.05 	 10 	 18	0	956.237	7
 10 	 0.2 	 0.05 	 10 	 19	0	971.047	2

-----------------------
 10 	 0.2 	 0.05 	 20 	 0	0.031	2479.23	16
 10 	 0.2 	 0.05 	 20 	 1	0.016	1749.34	12
 10 	 0.2 	 0.05 	 20 	 2	0.031	1854.9	14
 10 	 0.2 	 0.05 	 20 	 3	0.032	1461.26	12
 10 	 0.2 	 0.05 	 20 	 4	0.015	1315.18	13
 10 	 0.2 	 0.05 	 20 	 5	0.016	1216.32	11
 10 	 0.2 	 0.05 	 20 	 6	0.031	1516.68	13
 10 	 0.2 	 0.05 	 20 	 7	0.031	1856.56	14
 10 	 0.2 	 0.05 	 20 	 8	0.016	2227.98	13
 10 	 0.2 	 0.05 	 20 	 9	0.016	1705.7	11
 10 	 0.2 	 0.05 	 20 	 10	0.015	1884.58	11
 10 	 0.2 	 0.05 	 20 	 11	0.031	2173.54	14
 10 	 0.2 	 0.05 	 20 	 12	0.016	1357.24	10
 10 	 0.2 	 0.05 	 20 	 13	0.063	1959.31	13
 10 	 0.2 	 0.05 	 20 	 14	0.015	1389.11	10
 10 	 0.2 	 0.05 	 20 	 15	0.047	2346.9	14
 10 	 0.2 	 0.05 	 20 	 16	0.016	2172.94	13
 10 	 0.2 	 0.05 	 20 	 17	0.047	2151.71	19
 10 	 0.2 	 0.05 	 20 	 18	0.016	1459.52	11
 10 	 0.2 	 0.05 	 20 	 19	0.062	2944.67	13

-----------------------
 10 	 0.2 	 0.05 	 30 	 0	0.172	4474.83	14
 10 	 0.2 	 0.05 	 30 	 1	0.063	2239.34	13
 10 	 0.2 	 0.05 	 30 	 2	0.093	3197.4	16
 10 	 0.2 	 0.05 	 30 	 3	0.079	4172.52	20
 10 	 0.2 	 0.05 	 30 	 4	0.046	3204.66	16
 10 	 0.2 	 0.05 	 30 	 5	0.063	2306.23	14
 10 	 0.2 	 0.05 	 30 	 6	0.047	1991.9	16
 10 	 0.2 	 0.05 	 30 	 7	0.188	4148.92	24
 10 	 0.2 	 0.05 	 30 	 8	0.094	1759.92	7
 10 	 0.2 	 0.05 	 30 	 9	0.078	2440.72	13
 10 	 0.2 	 0.05 	 30 	 10	0.125	2689.65	23
 10 	 0.2 	 0.05 	 30 	 11	0.079	2348.3	17
 10 	 0.2 	 0.05 	 30 	 12	0.046	1826.11	16
 10 	 0.2 	 0.05 	 30 	 13	0.063	2179.47	14
 10 	 0.2 	 0.05 	 30 	 14	0.375	3734.79	24
 10 	 0.2 	 0.05 	 30 	 15	0.156	3400.13	17
 10 	 0.2 	 0.05 	 30 	 16	0.047	1551.46	16
 10 	 0.2 	 0.05 	 30 	 17	0.062	2359.57	14
 10 	 0.2 	 0.05 	 30 	 18	0.125	3371.27	14
 10 	 0.2 	 0.05 	 30 	 19	0.188	3422.79	24

-----------------------

-----------------------
 10 	 0.2 	 0.1 	 10 	 0	0.015	906.267	3
 10 	 0.2 	 0.1 	 10 	 1	0	1349.2	5
 10 	 0.2 	 0.1 	 10 	 2	0	1398.92	4
 10 	 0.2 	 0.1 	 10 	 3	0	1216.83	5
 10 	 0.2 	 0.1 	 10 	 4	0	1626.7	7
 10 	 0.2 	 0.1 	 10 	 5	0	1269.37	5
 10 	 0.2 	 0.1 	 10 	 6	0.016	701.909	2
 10 	 0.2 	 0.1 	 10 	 7	0	761.81	2
 10 	 0.2 	 0.1 	 10 	 8	0	1109.81	6
 10 	 0.2 	 0.1 	 10 	 9	0	1155.26	5
 10 	 0.2 	 0.1 	 10 	 10	0	1062.87	2
 10 	 0.2 	 0.1 	 10 	 11	0	1198.02	3
 10 	 0.2 	 0.1 	 10 	 12	0	847.148	4
 10 	 0.2 	 0.1 	 10 	 13	0	1090.79	3
 10 	 0.2 	 0.1 	 10 	 14	0	586.673	2
 10 	 0.2 	 0.1 	 10 	 15	0	1311.14	6
 10 	 0.2 	 0.1 	 10 	 16	0.015	1539.51	6
 10 	 0.2 	 0.1 	 10 	 17	0	857.134	4
 10 	 0.2 	 0.1 	 10 	 18	0	1563.8	4
 10 	 0.2 	 0.1 	 10 	 19	0.016	761.821	5

-----------------------
 10 	 0.2 	 0.1 	 20 	 0	0.016	2284.01	3
 10 	 0.2 	 0.1 	 20 	 1	0.015	2062.95	6
 10 	 0.2 	 0.1 	 20 	 2	0.016	3725.86	11
 10 	 0.2 	 0.1 	 20 	 3	0.016	2247.28	7
 10 	 0.2 	 0.1 	 20 	 4	0.031	2840.66	6
 10 	 0.2 	 0.1 	 20 	 5	0.015	2800.08	12
 10 	 0.2 	 0.1 	 20 	 6	0.016	3210.78	8
 10 	 0.2 	 0.1 	 20 	 7	0.016	1827.38	11
 10 	 0.2 	 0.1 	 20 	 8	0.015	1683.49	5
 10 	 0.2 	 0.1 	 20 	 9	0.016	2925.15	7
 10 	 0.2 	 0.1 	 20 	 10	0	933.341	7
 10 	 0.2 	 0.1 	 20 	 11	0.016	2268.07	7
 10 	 0.2 	 0.1 	 20 	 12	0.015	3274.84	12
 10 	 0.2 	 0.1 	 20 	 13	0.016	1227.72	3
 10 	 0.2 	 0.1 	 20 	 14	0.015	2272.48	10
 10 	 0.2 	 0.1 	 20 	 15	0	2426.89	10
 10 	 0.2 	 0.1 	 20 	 16	0.016	3628.69	9
 10 	 0.2 	 0.1 	 20 	 17	0.015	2355.49	11
 10 	 0.2 	 0.1 	 20 	 18	0.016	2654.55	10
 10 	 0.2 	 0.1 	 20 	 19	0	1229.48	7

-----------------------
 10 	 0.2 	 0.1 	 30 	 0	0.016	3232.15	11
 10 	 0.2 	 0.1 	 30 	 1	0.016	3543.58	8
 10 	 0.2 	 0.1 	 30 	 2	0.047	3124.43	15
 10 	 0.2 	 0.1 	 30 	 3	0.047	2250.52	14
 10 	 0.2 	 0.1 	 30 	 4	0.062	3853.6	16
 10 	 0.2 	 0.1 	 30 	 5	0.031	3247.57	15
 10 	 0.2 	 0.1 	 30 	 6	0.016	2555.81	12
 10 	 0.2 	 0.1 	 30 	 7	0.015	3743.58	11
 10 	 0.2 	 0.1 	 30 	 8	0.031	3186.57	13
 10 	 0.2 	 0.1 	 30 	 9	0.016	1685.39	9
 10 	 0.2 	 0.1 	 30 	 10	0.032	4131.89	13
 10 	 0.2 	 0.1 	 30 	 11	0.015	3165.15	4
 10 	 0.2 	 0.1 	 30 	 12	0.031	4421.49	8
 10 	 0.2 	 0.1 	 30 	 13	0.016	2562.45	10
 10 	 0.2 	 0.1 	 30 	 14	0.016	1607.24	10
 10 	 0.2 	 0.1 	 30 	 15	0.047	4515.04	15
 10 	 0.2 	 0.1 	 30 	 16	0.031	4381.37	15
 10 	 0.2 	 0.1 	 30 	 17	0.047	5418.44	10
 10 	 0.2 	 0.1 	 30 	 18	0.094	4969.79	11
 10 	 0.2 	 0.1 	 30 	 19	0.031	2577.14	8

-----------------------

-----------------------

-----------------------
 10 	 0.5 	 0.02 	 10 	 0	0.031	956.189	1
 10 	 0.5 	 0.02 	 10 	 1	0.14	953.452	18
 10 	 0.5 	 0.02 	 10 	 2	0.063	624.035	7
 10 	 0.5 	 0.02 	 10 	 3	0.078	902.287	20
 10 	 0.5 	 0.02 	 10 	 4	0.078	838.184	10
 10 	 0.5 	 0.02 	 10 	 5	0.094	705.874	17
 10 	 0.5 	 0.02 	 10 	 6	0.015	496.761	4
 10 	 0.5 	 0.02 	 10 	 7	0.047	555.443	18
 10 	 0.5 	 0.02 	 10 	 8	0.094	1518.74	22
 10 	 0.5 	 0.02 	 10 	 9	0.078	841.589	16
 10 	 0.5 	 0.02 	 10 	 10	0.062	879.849	23
 10 	 0.5 	 0.02 	 10 	 11	0.079	775.812	24
 10 	 0.5 	 0.02 	 10 	 12	0.031	817.904	0
 10 	 0.5 	 0.02 	 10 	 13	0.063	1452.29	4
 10 	 0.5 	 0.02 	 10 	 14	0.062	666.155	18
 10 	 0.5 	 0.02 	 10 	 15	0.063	647.671	15
 10 	 0.5 	 0.02 	 10 	 16	0.047	502.071	5
 10 	 0.5 	 0.02 	 10 	 17	0.062	824.957	23
 10 	 0.5 	 0.02 	 10 	 18	0.063	467.515	2
 10 	 0.5 	 0.02 	 10 	 19	0.062	865.91	16

-----------------------
 10 	 0.5 	 0.02 	 20 	 0	0.36	1572.45	33
 10 	 0.5 	 0.02 	 20 	 1	0.641	2401.13	45
 10 	 0.5 	 0.02 	 20 	 2	0.14	1173.19	16
 10 	 0.5 	 0.02 	 20 	 3	0.25	1166.58	14
 10 	 0.5 	 0.02 	 20 	 4	0.672	1173.71	29
 10 	 0.5 	 0.02 	 20 	 5	0.422	1724.23	44
 10 	 0.5 	 0.02 	 20 	 6	0.406	1713.25	22
 10 	 0.5 	 0.02 	 20 	 7	0.172	1091.95	20
 10 	 0.5 	 0.02 	 20 	 8	0.688	1903.17	36
 10 	 0.5 	 0.02 	 20 	 9	0.422	1165.5	10
 10 	 0.5 	 0.02 	 20 	 10	0.422	1773.06	24
 10 	 0.5 	 0.02 	 20 	 11	1.406	3168.75	30
