--------------------------------------------------------------------------
--------------------------------------------------------------------------
N =  40
--------------------------------------------------------------------------
czas: 
0 31
1 62
2 32
3 0
4 31
5 31
6 78
7 47
8 94
9 47
10 93
11 47
12 16
13 47
14 31
15 78
16 94
17 78
18 31
19 78
20 110
21 109
22 94
23 31
24 125
25 31
26 47
27 16
28 31
29 16
30 47
31 32
32 31
33 15
34 32
35 47
36 78
37 110
38 62
39 31
40 79
41 125
42 109
43 94
44 93
45 32
46 62
47 78
48 63
49 78
50 16
51 15
52 47
53 47
54 62
55 79
56 62
57 109
58 47
59 47
60 110
61 62
62 63
63 78
64 93
65 47
66 47
67 125
68 16
69 109
70 63
71 109
72 141
73 31
74 78
75 31
76 31
77 16
78 47
79 15
80 63
81 109
82 31
83 79
84 63
85 109
86 63
87 62
88 125
89 47
90 109
91 78
92 94
93 94
94 62
95 63
96 109
97 78
98 63
99 109
100 16
101 31
102 31
103 16
104 15
105 32
106 31
107 78
108 15
109 31
110 125
111 32
112 47
113 110
114 62
115 109
116 79
117 109
118 125
119 78
120 109
121 79
122 125
123 62
124 47
krytryterium: 
0 8250
1 9247
2 3482
3 3246
4 5550
5 24453
6 13618
7 16733
8 44058
9 1134
10 17774
11 31844
12 13051
13 29544
14 38960
15 52860
16 68290
17 84211
18 130434
19 127839
20 120524
21 96517
22 140588
23 222234
24 175594
25 0
26 1061
27 0
28 0
29 1368
30 19962
31 7824
32 24228
33 2269
34 2249
35 30839
36 11678
37 37266
38 36000
39 17183
40 75150
41 84847
42 110729
43 82146
44 72584
45 69150
46 138707
47 86954
48 115072
49 116938
50 2601
51 280
52 25
53 1694
54 270
55 9278
56 15119
57 24121
58 14589
59 0
60 11668
61 27225
62 30463
63 32866
64 26203
65 55681
66 53234
67 107176
68 89413
69 64895
70 52153
71 138828
72 87224
73 80194
74 132073
75 0
76 0
77 0
78 0
79 0
80 315
81 5482
82 7
83 3411
84 6574
85 14002
86 25293
87 28691
88 27216
89 29560
90 70910
91 32586
92 45668
93 66089
94 31296
95 112949
96 107849
97 143968
98 149797
99 149097
100 0
101 0
102 1801
103 0
104 0
105 923
106 5548
107 3169
108 593
109 1798
110 41057
111 16449
112 26728
113 44520
114 3894
115 30198
116 69616
117 33554
118 49936
119 52401
120 90033
121 100771
122 55665
123 85428
124 82713
opoznienie: 
0 9
1 8
2 4
3 3
4 4
5 11
6 8
7 8
8 13
9 3
10 11
11 14
12 11
13 14
14 14
15 21
16 24
17 25
18 27
19 23
20 35
21 37
22 39
23 38
24 37
25 0
26 4
27 0
28 0
29 2
30 9
31 8
32 13
33 4
34 3
35 18
36 8
37 16
38 12
39 12
40 22
41 28
42 28
43 24
44 23
45 37
46 35
47 33
48 37
49 40
50 4
51 2
52 1
53 3
54 2
55 11
56 12
57 13
58 13
59 0
60 11
61 16
62 12
63 16
64 9
65 22
66 23
67 31
68 25
69 27
70 36
71 30
72 30
73 30
74 37
75 0
76 0
77 0
78 0
79 0
80 3
81 9
82 1
83 8
84 8
85 10
86 17
87 17
88 20
89 14
90 30
91 21
92 27
93 24
94 21
95 37
96 36
97 33
98 35
99 32
100 0
101 0
102 5
103 0
104 0
105 3
106 6
107 7
108 6
109 7
110 25
111 17
112 18
113 22
114 12
115 25
116 26
117 26
118 27
119 28
120 33
121 32
122 32
123 32
124 30
________________________________________________________________
Kryterium œredne: 44232.5
Czas œredni: 64.008
Opoznione œredne: 16.76
--------------------------------------------------------------------------
--------------------------------------------------------------------------
N =  50
--------------------------------------------------------------------------
czas: 
0 62
1 16
2 31
3 78
4 47
5 94
6 31
7 78
8 47
9 62
10 63
11 141
12 109
13 156
14 63
15 31
16 93
17 110
18 109
19 63
20 109
21 156
22 125
23 172
24 31
25 47
26 31
27 31
28 32
29 31
30 93
31 47
32 31
33 47
34 31
35 63
36 187
37 156
38 110
39 78
40 78
41 156
42 125
43 157
44 171
45 172
46 62
47 125
48 157
49 187
50 16
51 47
52 31
53 31
54 31
55 32
56 62
57 78
58 63
59 125
60 125
61 62
62 141
63 78
64 125
65 141
66 187
67 156
68 157
69 187
70 156
71 188
72 141
73 140
74 141
75 109
76 31
77 32
78 47
79 46
80 172
81 141
82 172
83 31
84 62
85 62
86 125
87 125
88 110
89 141
90 47
91 94
92 93
93 141
94 141
95 156
96 156
97 203
98 140
99 125
100 31
101 62
102 32
103 47
104 15
105 63
106 140
107 63
108 47
109 78
110 140
111 141
112 109
113 94
114 141
115 172
116 203
117 125
118 172
119 140
120 203
121 78
122 141
123 187
124 141
krytryterium: 
0 10957
1 1838
2 0
3 4034
4 14499
5 64958
6 52495
7 27672
8 14791
9 33597
10 45527
11 82275
12 73164
13 93615
14 55598
15 102041
16 152247
17 107974
18 158492
19 116202
20 274175
21 160535
22 250604
23 190878
24 275025
25 2934
26 0
27 352
28 2420
29 0
30 33488
31 7592
32 23369
33 37179
34 1933
35 53365
36 78124
37 69949
38 89347
39 48460
40 144479
41 125639
42 137759
43 125146
44 59579
45 318960
46 164152
47 222660
48 166412
49 320961
50 10
51 765
52 0
53 0
54 0
55 95
56 11755
57 9285
58 44973
59 2802
60 23749
61 10959
62 1079
63 25415
64 62131
65 55183
66 91524
67 145286
68 96142
69 64645
70 209905
71 98352
72 76442
73 133317
74 187181
75 2171
76 0
77 0
78 0
79 0
80 7529
81 25305
82 13407
83 1304
84 12524
85 62636
86 36010
87 22213
88 20839
89 51932
90 129326
91 103982
92 52853
93 86230
94 73396
95 156213
96 114826
97 161630
98 187907
99 105404
100 148
101 160
102 0
103 0
104 0
105 0
106 134
107 221
108 2724
109 4627
110 29481
111 38362
112 27214
113 10785
114 13652
115 43289
116 60722
117 55427
118 132896
119 114545
120 67900
121 133209
122 67061
123 144360
124 78905
opoznienie: 
0 6
1 2
2 0
3 3
4 12
5 18
6 17
7 12
8 8
9 15
10 16
11 20
12 21
13 19
14 18
15 24
16 30
17 28
18 32
19 33
20 50
21 49
22 45
23 47
24 46
25 6
26 0
27 1
28 6
29 0
30 15
31 8
32 10
33 15
34 4
35 16
36 22
37 18
38 24
39 18
40 32
41 38
42 35
43 35
44 25
45 48
46 44
47 38
48 42
49 47
50 1
51 2
52 0
53 0
54 0
55 1
56 12
57 9
58 17
59 6
60 17
61 12
62 3
63 18
64 23
65 27
66 31
67 34
68 40
69 34
70 45
71 44
72 39
73 40
74 46
75 4
76 0
77 0
78 0
79 0
80 15
81 15
82 9
83 5
84 10
85 25
86 22
87 17
88 16
89 25
90 38
91 36
92 28
93 32
94 31
95 43
96 44
97 41
98 44
99 39
100 1
101 2
102 0
103 0
104 0
105 0
106 3
107 3
108 6
109 8
110 21
111 20
112 28
113 11
114 24
115 30
116 38
117 31
118 43
119 40
120 38
121 45
122 35
123 43
124 39
________________________________________________________________
Kryterium œredne: 67215.2
Czas œredni: 100.72
Opoznione œredne: 21.336
--------------------------------------------------------------------------
--------------------------------------------------------------------------
N =  100
--------------------------------------------------------------------------
czas: 
0 172
1 343
2 188
3 140
4 297
5 578
6 407
7 406
8 359
9 297
10 422
11 625
12 531
13 563
14 469
15 797
16 797
17 687
18 797
19 734
20 937
21 1079
22 1046
23 782
24 734
25 172
26 265
27 266
28 500
29 422
30 531
31 734
32 828
33 360
34 156
35 844
36 719
37 234
38 687
39 547
40 812
41 704
42 703
43 609
44 765
45 578
46 1000
47 1079
48 1109
49 797
50 203
51 109
52 375
53 172
54 156
55 485
56 390
57 704
58 718
59 297
60 562
61 719
62 609
63 469
64 750
65 1016
66 906
67 1047
68 969
69 703
70 953
71 781
72 1094
73 828
74 781
75 110
76 140
77 297
78 156
79 109
80 641
81 468
82 188
83 328
84 594
85 625
86 969
87 890
88 594
89 593
90 797
91 828
92 1063
93 890
94 891
95 1031
96 875
97 1188
98 1156
99 875
100 203
101 94
102 109
103 172
104 140
105 469
106 219
107 531
108 765
109 672
110 860
111 562
112 578
113 844
114 1015
115 907
116 937
117 938
118 953
119 750
120 765
121 672
122 922
123 609
124 797
krytryterium: 
0 4956
1 4281
2 23
3 2632
4 6220
5 26563
6 44152
7 28276
8 25753
9 67060
10 96601
11 198705
12 87585
13 108888
14 83189
15 221296
16 208099
17 535514
18 347538
19 231472
20 722703
21 431267
22 446687
23 573196
24 565662
25 0
26 1570
27 0
28 3330
29 3861
30 7481
31 13014
32 27260
33 5426
34 1989
35 61133
36 126038
37 36804
38 150035
39 63353
40 310423
41 264854
42 260306
43 243388
44 224718
45 667741
46 427022
47 646774
48 513671
49 476138
50 85
51 0
52 0
53 0
54 1376
55 11946
56 2818
57 5045
58 3062
59 15868
60 101345
61 45537
62 49228
63 76970
64 35008
65 154452
66 262055
67 294217
68 245348
69 93901
70 432564
71 465716
72 446569
73 489504
74 468203
75 1055
76 61
77 0
78 0
79 813
80 13490
81 209
82 3465
83 1946
84 12406
85 62576
86 71565
87 89251
88 44974
89 85834
90 153223
91 200320
92 112176
93 167157
94 189550
95 275080
96 521760
97 493214
98 398279
99 314072
100 0
101 84
102 39
103 0
104 0
105 0
106 29450
107 59
108 6903
109 8128
110 76811
111 59775
112 33911
113 82905
114 38355
115 202501
116 121177
117 168858
118 182108
119 133174
120 300976
121 415570
122 241778
123 351760
124 542727
opoznienie: 
0 10
1 8
2 1
3 8
4 11
5 20
6 23
7 20
8 22
9 28
10 30
11 38
12 32
13 36
14 30
15 47
16 56
17 61
18 56
19 42
20 98
21 93
22 94
23 94
24 96
25 0
26 8
27 0
28 8
29 9
30 14
31 17
32 16
33 12
34 8
35 31
36 33
37 23
38 30
39 25
40 61
41 56
42 55
43 52
44 55
45 91
46 93
47 92
48 89
49 87
50 2
51 0
52 0
53 0
54 7
55 13
56 8
57 8
58 6
59 18
60 30
61 23
62 20
63 29
64 26
65 62
66 63
67 63
68 55
69 39
70 88
71 92
72 93
73 89
74 87
75 5
76 1
77 0
78 0
79 3
80 6
81 2
82 4
83 5
84 14
85 26
86 31
87 36
88 22
89 30
90 49
91 58
92 56
93 52
94 54
95 84
96 85
97 91
98 85
99 74
100 0
101 1
102 1
103 0
104 0
105 0
106 12
107 1
108 6
109 8
110 38
111 34
112 16
113 32
114 25
115 66
116 51
117 61
118 55
119 47
120 73
121 85
122 70
123 75
124 82
________________________________________________________________
Kryterium œredne: 156120
Czas œredni: 617.464
Opoznione œredne: 37.216
